362150 354272 40         735.2212   781.5870   6.3064     % 
branching on 2    1
362151 354273 39         735.2213   781.5870   6.3064     % 
branching on 1    2
362152 354274 39         735.2213   781.5870   6.3064     % 
branching on 1    2
362153 354275 39         735.2213   781.5870   6.3064     % 
branching on 1    2
362154 354276 39         735.2213   781.5870   6.3064     % 
branching on 1    2
362155 354277 39         735.2214   781.5870   6.3063     % 
branching on 1    2
362156 354278 39         735.2214   781.5870   6.3063     % 
branching on 1    2
362157 354279 38         735.2215   781.5870   6.3063     % 
branching on 1    2
362158 354280 38         735.2215   781.5870   6.3063     % 
branching on 1    2
362159 354281 37         735.2216   781.5870   6.3063     % 
branching on 1    3
362160 354282 37         735.2216   781.5870   6.3063     % 
branching on 1    3
362161 354283 38         735.2216   781.5870   6.3063     % 
branching on 1    3
362162 354284 38         735.2216   781.5870   6.3063     % 
branching on 1    3
362163 354285 42         735.2216   781.5870   6.3063     % 
branching on 2    3
362164 354286 42         735.2216   781.5870   6.3063     % 
branching on 2    3
362165 354287 40         735.2218   781.5870   6.3063     % 
branching on 2    1
362166 354288 40         735.2218   781.5870   6.3063     % 
branching on 2    1
362167 354289 37         735.2218   781.5870   6.3063     % 
branching on 2    2
362168 354290 37         735.2218   781.5870   6.3063     % 
branching on 2    2
362169 354291 41         735.2218   781.5870   6.3063     % 
branching on 2    1
362170 354292 41         735.2218   781.5870   6.3063     % 
branching on 2    1
362171 354293 35         735.2218   781.5870   6.3063     % 
branching on 2    3
362172 354294 35         735.2218   781.5870   6.3063     % 
branching on 2    3
362173 354295 33         735.2218   781.5870   6.3063     % 
branching on 1    1
362174 354296 33         735.2218   781.5870   6.3063     % 
branching on 1    1
362175 354297 35         735.2221   781.5870   6.3062     % 
branching on 2    1
362176 354298 35         735.2221   781.5870   6.3062     % 
branching on 2    1
362177 354299 38         735.2221   781.5870   6.3062     % 
branching on 1    3
362178 354300 38         735.2221   781.5870   6.3062     % 
branching on 1    3
362179 354301 33         735.2221   781.5870   6.3062     % 
branching on 1    1
362180 354302 33         735.2221   781.5870   6.3062     % 
branching on 1    1
362181 354303 36         735.2222   781.5870   6.3062     % 
branching on 2    2
362182 354304 36         735.2222   781.5870   6.3062     % 
branching on 2    2
362183 354305 39         735.2222   781.5870   6.3062     % 
branching on 1    2
362184 354306 39         735.2222   781.5870   6.3062     % 
branching on 1    2
362185 354307 41         735.2224   781.5870   6.3062     % 
branching on 2    1
362186 354308 41         735.2224   781.5870   6.3062     % 
branching on 2    1
362187 354309 34         735.2224   781.5870   6.3062     % 
branching on 2    1
362188 354310 34         735.2224   781.5870   6.3062     % 
branching on 2    1
362189 354311 40         735.2226   781.5870   6.3062     % 
branching on 1    1
362190 354312 40         735.2226   781.5870   6.3062     % 
branching on 1    1
362191 354313 36         735.2226   781.5870   6.3062     % 
branching on 2    3
362192 354314 36         735.2226   781.5870   6.3062     % 
branching on 2    3
362193 354315 38         735.2226   781.5870   6.3062     % 
branching on 1    3
362194 354316 38         735.2226   781.5870   6.3062     % 
branching on 1    3
362195 354317 36         735.2227   781.5870   6.3062     % 
branching on 2    2
362196 354318 36         735.2227   781.5870   6.3062     % 
branching on 2    2
362197 354319 36         735.2227   781.5870   6.3062     % 
branching on 2    3
362198 354320 36         735.2227   781.5870   6.3062     % 
branching on 2    3
362199 354321 37         735.2227   781.5870   6.3062     % 
branching on 1    3
362200 354322 37         735.2227   781.5870   6.3062     % 
branching on 1    3
362201 354323 39         735.2227   781.5870   6.3062     % 
branching on 1    1
362202 354324 39         735.2227   781.5870   6.3062     % 
branching on 1    1
362203 354325 35         735.2227   781.5870   6.3062     % 
branching on 2    3
362204 354326 35         735.2227   781.5870   6.3062     % 
branching on 2    3
362205 354327 40         735.2229   781.5870   6.3061     % 
branching on 2    1
362206 354328 40         735.2229   781.5870   6.3061     % 
branching on 2    1
362207 354329 34         735.2230   781.5870   6.3061     % 
branching on 1    1
362208 354330 34         735.2230   781.5870   6.3061     % 
branching on 1    1
362209 354331 43         735.2230   781.5870   6.3061     % 
branching on 2    2
362210 354332 43         735.2230   781.5870   6.3061     % 
branching on 2    2
362211 354333 39         735.2230   781.5870   6.3061     % 
branching on 1    2
362212 354334 39         735.2230   781.5870   6.3061     % 
branching on 1    2
362213 354335 39         735.2230   781.5870   6.3061     % 
branching on 1    1
362214 354336 39         735.2230   781.5870   6.3061     % 
branching on 1    1
362215 354337 41         735.2230   781.5870   6.3061     % 
branching on 2    1
362216 354338 41         735.2230   781.5870   6.3061     % 
branching on 2    1
362217 354339 39         735.2230   781.5870   6.3061     % 
branching on 1    2
362218 354340 39         735.2230   781.5870   6.3061     % 
branching on 1    2
362219 354341 38         735.2231   781.5870   6.3061     % 
branching on 1    3
362220 354342 38         735.2231   781.5870   6.3061     % 
branching on 1    3
362221 354343 41         735.2232   781.5870   6.3061     % 
branching on 2    1
362222 354344 41         735.2232   781.5870   6.3061     % 
branching on 2    1
362223 354345 39         735.2232   781.5870   6.3061     % 
branching on 1    1
362224 354346 39         735.2232   781.5870   6.3061     % 
branching on 1    1
362225 354347 43         735.2234   781.5870   6.3061     % 
branching on 2    2
362226 354348 43         735.2234   781.5870   6.3061     % 
branching on 2    2
362227 354349 35         735.2235   781.5870   6.3060     % 
branching on 2    3
362228 354350 35         735.2235   781.5870   6.3060     % 
branching on 2    3
362229 354351 31         735.2236   781.5870   6.3060     % 
branching on 2    3
362230 354352 31         735.2236   781.5870   6.3060     % 
branching on 2    3
362231 354353 38         735.2237   781.5870   6.3060     % 
branching on 1    3
362232 354354 38         735.2237   781.5870   6.3060     % 
branching on 1    3
362233 354355 39         735.2238   781.5870   6.3060     % 
branching on 1    2
362234 354356 39         735.2238   781.5870   6.3060     % 
branching on 1    2
362235 354357 35         735.2239   781.5870   6.3060     % 
branching on 2    1
362236 354358 35         735.2239   781.5870   6.3060     % 
branching on 2    1
362237 354359 38         735.2239   781.5870   6.3060     % 
branching on 1    3
362238 354360 38         735.2239   781.5870   6.3060     % 
branching on 1    3
362239 354361 41         735.2241   781.5870   6.3060     % 
branching on 2    1
362240 354362 41         735.2241   781.5870   6.3060     % 
branching on 2    1
362241 354363 27         735.2241   781.5870   6.3060     % 
branching on 1    1
362242 354364 27         735.2241   781.5870   6.3060     % 
362243 354363 39         735.2241   781.5870   6.3060     % 
branching on 1    1
362244 354364 39         735.2241   781.5870   6.3060     % 
branching on 1    1
362245 354365 43         735.2243   781.5870   6.3059     % 
branching on 2    2
362246 354366 43         735.2243   781.5870   6.3059     % 
branching on 2    2
362247 354367 37         735.2245   781.5870   6.3059     % 
branching on 1    3
362248 354368 37         735.2245   781.5870   6.3059     % 
branching on 1    3
362249 354369 32         735.2249   781.5870   6.3058     % 
branching on 1    3
362250 354370 32         735.2249   781.5870   6.3058     % 
branching on 1    3
362251 354371 40         735.2251   781.5870   6.3058     % 
branching on 1    1
362252 354372 40         735.2251   781.5870   6.3058     % 
branching on 1    1
362253 354373 40         735.2253   781.5870   6.3058     % 
branching on 1    1
362254 354374 40         735.2253   781.5870   6.3058     % 
branching on 1    1
362255 354375 34         735.2254   781.5870   6.3058     % 
branching on 2    1
362256 354376 34         735.2254   781.5870   6.3058     % 
branching on 2    1
362257 354377 39         735.2255   781.5870   6.3058     % 
branching on 1    2
362258 354378 39         735.2255   781.5870   6.3058     % 
branching on 1    2
362259 354379 38         735.2255   781.5870   6.3058     % 
branching on 1    3
362260 354380 38         735.2255   781.5870   6.3058     % 
branching on 1    3
362261 354381 41         735.2256   781.5870   6.3057     % 
branching on 2    1
362262 354382 41         735.2256   781.5870   6.3057     % 
branching on 2    1
362263 354383 39         735.2258   781.5870   6.3057     % 
branching on 1    1
362264 354384 39         735.2258   781.5870   6.3057     % 
branching on 1    1
362265 354385 39         735.2258   781.5870   6.3057     % 
branching on 1    1
362266 354386 39         735.2258   781.5870   6.3057     % 
branching on 1    1
362267 354387 39         735.2259   781.5870   6.3057     % 
branching on 1    2
362268 354388 39         735.2259   781.5870   6.3057     % 
branching on 1    2
362269 354389 38         735.2259   781.5870   6.3057     % 
branching on 1    3
362270 354390 38         735.2259   781.5870   6.3057     % 
branching on 1    3
362271 354391 37         735.2262   781.5870   6.3057     % 
branching on 1    3
362272 354392 37         735.2262   781.5870   6.3057     % 
branching on 1    3
362273 354393 41         735.2262   781.5870   6.3057     % 
branching on 2    1
362274 354394 41         735.2262   781.5870   6.3057     % 
branching on 2    1
362275 354395 39         735.2262   781.5870   6.3057     % 
branching on 1    2
362276 354396 39         735.2262   781.5870   6.3057     % 
branching on 1    2
362277 354397 40         735.2265   781.5870   6.3056     % 
branching on 1    1
362278 354398 40         735.2265   781.5870   6.3056     % 
branching on 1    1
362279 354399 39         735.2265   781.5870   6.3056     % 
branching on 1    1
362280 354400 39         735.2265   781.5870   6.3056     % 
branching on 1    1
362281 354401 40         735.2265   781.5870   6.3056     % 
branching on 1    1
362282 354402 40         735.2265   781.5870   6.3056     % 
branching on 1    1
362283 354403 35         735.2266   781.5870   6.3056     % 
branching on 2    3
362284 354404 35         735.2266   781.5870   6.3056     % 
branching on 2    3
362285 354405 38         735.2266   781.5870   6.3056     % 
branching on 1    2
362286 354406 38         735.2266   781.5870   6.3056     % 
branching on 1    2
362287 354407 31         735.2266   781.5870   6.3056     % 
branching on 2    2
362288 354408 31         735.2266   781.5870   6.3056     % 
branching on 2    2
362289 354409 38         735.2267   781.5870   6.3056     % 
branching on 1    2
362290 354410 38         735.2267   781.5870   6.3056     % 
branching on 1    2
362291 354411 40         735.2268   781.5870   6.3056     % 
branching on 1    1
362292 354412 40         735.2268   781.5870   6.3056     % 
branching on 1    1
362293 354413 28         735.2269   781.5870   6.3056     % 
362294 354412 28         735.2269   781.5870   6.3056     % 
branching on 1    1
362295 354413 40         735.2270   781.5870   6.3055     % 
branching on 1    1
362296 354414 40         735.2270   781.5870   6.3055     % 
branching on 1    1
362297 354415 32         735.2270   781.5870   6.3055     % 
branching on 1    2
362298 354416 32         735.2270   781.5870   6.3055     % 
branching on 1    2
362299 354417 41         735.2271   781.5870   6.3055     % 
branching on 2    1
362300 354418 41         735.2271   781.5870   6.3055     % 
branching on 2    1
362301 354419 38         735.2272   781.5870   6.3055     % 
branching on 1    3
362302 354420 38         735.2272   781.5870   6.3055     % 
branching on 1    3
362303 354421 38         735.2272   781.5870   6.3055     % 
branching on 1    2
362304 354422 38         735.2272   781.5870   6.3055     % 
branching on 1    2
362305 354423 38         735.2274   781.5870   6.3055     % 
branching on 1    3
362306 354424 38         735.2274   781.5870   6.3055     % 
branching on 1    3
362307 354425 32         735.2275   781.5870   6.3055     % 
branching on 1    3
362308 354426 32         735.2275   781.5870   6.3055     % 
branching on 1    3
362309 354427 40         735.2275   781.5870   6.3055     % 
branching on 1    1
362310 354428 40         735.2275   781.5870   6.3055     % 
branching on 1    1
362311 354429 39         735.2276   781.5870   6.3055     % 
branching on 1    2
362312 354430 39         735.2276   781.5870   6.3055     % 
branching on 1    2
362313 354431 34         735.2276   781.5870   6.3055     % 
branching on 1    1
362314 354432 34         735.2276   781.5870   6.3055     % 
branching on 1    1
362315 354433 37         735.2278   781.5870   6.3054     % 
branching on 2    3
362316 354434 37         735.2278   781.5870   6.3054     % 
branching on 2    3
362317 354435 36         735.2278   781.5870   6.3054     % 
branching on 2    3
362318 354436 36         735.2278   781.5870   6.3054     % 
branching on 2    3
362319 354437 39         735.2278   781.5870   6.3054     % 
branching on 1    2
362320 354438 39         735.2278   781.5870   6.3054     % 
branching on 1    2
362321 354439 39         735.2279   781.5870   6.3054     % 
branching on 1    2
362322 354440 39         735.2279   781.5870   6.3054     % 
branching on 1    2
362323 354441 38         735.2279   781.5870   6.3054     % 
branching on 1    2
362324 354442 38         735.2279   781.5870   6.3054     % 
branching on 1    2
362325 354443 35         735.2279   781.5870   6.3054     % 
branching on 2    3
362326 354444 35         735.2279   781.5870   6.3054     % 
branching on 2    3
362327 354445 37         735.2280   781.5870   6.3054     % 
branching on 1    3
362328 354446 37         735.2280   781.5870   6.3054     % 
branching on 1    3
362329 354447 38         735.2280   781.5870   6.3054     % 
branching on 1    3
362330 354448 38         735.2280   781.5870   6.3054     % 
branching on 1    3
362331 354449 40         735.2281   781.5870   6.3054     % 
branching on 2    1
362332 354450 40         735.2281   781.5870   6.3054     % 
branching on 2    1
362333 354451 35         735.2282   781.5870   6.3054     % 
branching on 2    1
362334 354452 35         735.2282   781.5870   6.3054     % 
branching on 2    1
362335 354453 29         735.2282   781.5870   6.3054     % 
branching on 2    1
362336 354454 29         735.2282   781.5870   6.3054     % 
branching on 2    1
362337 354455 39         735.2282   781.5870   6.3054     % 
branching on 1    2
362338 354456 39         735.2282   781.5870   6.3054     % 
branching on 1    2
362339 354457 35         735.2282   781.5870   6.3054     % 
branching on 2    3
362340 354458 35         735.2282   781.5870   6.3054     % 
branching on 2    3
362341 354459 34         735.2282   781.5870   6.3054     % 
branching on 2    1
362342 354460 34         735.2282   781.5870   6.3054     % 
branching on 2    1
362343 354461 38         735.2282   781.5870   6.3054     % 
branching on 1    3
362344 354462 38         735.2282   781.5870   6.3054     % 
branching on 1    3
362345 354463 39         735.2284   781.5870   6.3053     % 
branching on 1    2
362346 354464 39         735.2284   781.5870   6.3053     % 
branching on 1    2
362347 354465 38         735.2284   781.5870   6.3053     % 
branching on 1    3
362348 354466 38         735.2284   781.5870   6.3053     % 
branching on 1    3
362349 354467 40         735.2284   781.5870   6.3053     % 
branching on 1    1
362350 354468 40         735.2284   781.5870   6.3053     % 
branching on 1    1
362351 354469 39         735.2285   781.5870   6.3053     % 
branching on 1    2
362352 354470 39         735.2285   781.5870   6.3053     % 
branching on 1    2
362353 354471 38         735.2285   781.5870   6.3053     % 
branching on 1    2
362354 354472 38         735.2285   781.5870   6.3053     % 
branching on 1    2
362355 354473 37         735.2286   781.5870   6.3053     % 
branching on 2    3
362356 354474 37         735.2286   781.5870   6.3053     % 
branching on 2    3
362357 354475 39         735.2287   781.5870   6.3053     % 
branching on 1    2
362358 354476 39         735.2287   781.5870   6.3053     % 
branching on 1    2
362359 354477 36         735.2290   781.5870   6.3053     % 
branching on 2    2
362360 354478 36         735.2290   781.5870   6.3053     % 
branching on 2    2
362361 354479 40         735.2290   781.5870   6.3052     % 
branching on 1    1
362362 354480 40         735.2290   781.5870   6.3052     % 
branching on 1    1
362363 354481 42         735.2290   781.5870   6.3052     % 
branching on 2    3
362364 354482 42         735.2290   781.5870   6.3052     % 
branching on 2    3
362365 354483 42         735.2291   781.5870   6.3052     % 
branching on 2    3
362366 354484 42         735.2291   781.5870   6.3052     % 
branching on 2    3
362367 354485 39         735.2292   781.5870   6.3052     % 
branching on 1    2
362368 354486 39         735.2292   781.5870   6.3052     % 
branching on 1    2
362369 354487 40         735.2293   781.5870   6.3052     % 
branching on 1    1
362370 354488 40         735.2293   781.5870   6.3052     % 
branching on 1    1
362371 354489 38         735.2293   781.5870   6.3052     % 
branching on 1    3
362372 354490 38         735.2293   781.5870   6.3052     % 
branching on 1    3
362373 354491 40         735.2294   781.5870   6.3052     % 
branching on 1    1
362374 354492 40         735.2294   781.5870   6.3052     % 
branching on 1    1
362375 354493 38         735.2294   781.5870   6.3052     % 
branching on 1    3
362376 354494 38         735.2294   781.5870   6.3052     % 
branching on 1    3
362377 354495 40         735.2295   781.5870   6.3052     % 
branching on 1    1
362378 354496 40         735.2295   781.5870   6.3052     % 
branching on 1    1
362379 354497 33         735.2297   781.5870   6.3051     % 
branching on 1    2
362380 354498 33         735.2297   781.5870   6.3051     % 
branching on 1    2
362381 354499 34         735.2299   781.5870   6.3051     % 
branching on 1    1
362382 354500 34         735.2299   781.5870   6.3051     % 
branching on 1    1
362383 354501 41         735.2299   781.5870   6.3051     % 
branching on 2    1
362384 354502 41         735.2299   781.5870   6.3051     % 
branching on 2    1
362385 354503 39         735.2300   781.5870   6.3051     % 
branching on 1    2
362386 354504 39         735.2300   781.5870   6.3051     % 
branching on 1    2
362387 354505 40         735.2300   781.5870   6.3051     % 
branching on 2    1
362388 354506 40         735.2300   781.5870   6.3051     % 
branching on 2    1
362389 354507 37         735.2303   781.5870   6.3051     % 
branching on 1    3
362390 354508 37         735.2303   781.5870   6.3051     % 
branching on 1    3
362391 354509 33         735.2303   781.5870   6.3051     % 
branching on 1    1
362392 354510 33         735.2303   781.5870   6.3051     % 
branching on 1    1
362393 354511 38         735.2304   781.5870   6.3050     % 
branching on 1    3
362394 354512 38         735.2304   781.5870   6.3050     % 
branching on 1    3
362395 354513 39         735.2305   781.5870   6.3050     % 
branching on 1    2
362396 354514 39         735.2305   781.5870   6.3050     % 
branching on 1    2
362397 354515 36         735.2305   781.5870   6.3050     % 
branching on 2    3
362398 354516 36         735.2305   781.5870   6.3050     % 
branching on 2    3
362399 354517 34         735.2306   781.5870   6.3050     % 
branching on 1    1
362400 354518 34         735.2306   781.5870   6.3050     % 
branching on 1    1
362401 354519 40         735.2306   781.5870   6.3050     % 
branching on 2    1
362402 354520 40         735.2306   781.5870   6.3050     % 
branching on 2    1
362403 354521 41         735.2306   781.5870   6.3050     % 
branching on 2    1
362404 354522 41         735.2306   781.5870   6.3050     % 
branching on 2    1
362405 354523 42         735.2308   781.5870   6.3050     % 
branching on 2    3
362406 354524 42         735.2308   781.5870   6.3050     % 
branching on 2    3
362407 354525 41         735.2310   781.5870   6.3050     % 
branching on 2    1
362408 354526 41         735.2310   781.5870   6.3050     % 
branching on 2    1
362409 354527 38         735.2312   781.5870   6.3049     % 
branching on 1    3
362410 354528 38         735.2312   781.5870   6.3049     % 
branching on 1    3
362411 354529 41         735.2313   781.5870   6.3049     % 
branching on 2    1
362412 354530 41         735.2313   781.5870   6.3049     % 
branching on 2    1
362413 354531 40         735.2315   781.5870   6.3049     % 
branching on 1    1
362414 354532 40         735.2315   781.5870   6.3049     % 
branching on 1    1
362415 354533 40         735.2317   781.5870   6.3049     % 
branching on 1    1
362416 354534 40         735.2317   781.5870   6.3049     % 
branching on 1    1
362417 354535 28         735.2317   781.5870   6.3049     % 
362418 354534 28         735.2317   781.5870   6.3049     % 
branching on 2    1
362419 354535 41         735.2318   781.5870   6.3048     % 
branching on 2    1
362420 354536 41         735.2318   781.5870   6.3048     % 
branching on 2    1
362421 354537 30         735.2318   781.5870   6.3048     % 
branching on 2    2
362422 354538 30         735.2318   781.5870   6.3048     % 
branching on 2    2
362423 354539 41         735.2319   781.5870   6.3048     % 
branching on 2    1
362424 354540 41         735.2319   781.5870   6.3048     % 
branching on 2    1
362425 354541 37         735.2320   781.5870   6.3048     % 
branching on 2    2
362426 354542 37         735.2320   781.5870   6.3048     % 
branching on 2    2
362427 354543 38         735.2320   781.5870   6.3048     % 
branching on 1    3
362428 354544 38         735.2320   781.5870   6.3048     % 
branching on 1    3
362429 354545 40         735.2321   781.5870   6.3048     % 
branching on 1    1
362430 354546 40         735.2321   781.5870   6.3048     % 
branching on 1    1
362431 354547 40         735.2322   781.5870   6.3048     % 
branching on 1    1
362432 354548 40         735.2322   781.5870   6.3048     % 
branching on 1    1
362433 354549 40         735.2322   781.5870   6.3048     % 
branching on 1    1
362434 354550 40         735.2322   781.5870   6.3048     % 
branching on 1    1
362435 354551 41         735.2322   781.5870   6.3048     % 
branching on 2    1
362436 354552 41         735.2322   781.5870   6.3048     % 
branching on 2    1
362437 354553 39         735.2323   781.5870   6.3048     % 
branching on 1    2
362438 354554 39         735.2323   781.5870   6.3048     % 
branching on 1    2
362439 354555 35         735.2323   781.5870   6.3048     % 
branching on 2    1
362440 354556 35         735.2323   781.5870   6.3048     % 
branching on 2    1
362441 354557 41         735.2324   781.5870   6.3048     % 
branching on 2    1
362442 354558 41         735.2324   781.5870   6.3048     % 
branching on 2    1
362443 354559 38         735.2324   781.5870   6.3048     % 
branching on 1    3
362444 354560 38         735.2324   781.5870   6.3048     % 
branching on 1    3
362445 354561 42         735.2325   781.5870   6.3047     % 
branching on 2    3
362446 354562 42         735.2325   781.5870   6.3047     % 
branching on 2    3
362447 354563 31         735.2325   781.5870   6.3047     % 
branching on 1    3
362448 354564 31         735.2325   781.5870   6.3047     % 
branching on 1    3
362449 354565 38         735.2327   781.5870   6.3047     % 
branching on 1    2
362450 354566 38         735.2327   781.5870   6.3047     % 
branching on 1    2
362451 354567 32         735.2329   781.5870   6.3047     % 
branching on 1    3
362452 354568 32         735.2329   781.5870   6.3047     % 
branching on 1    3
362453 354569 41         735.2329   781.5870   6.3047     % 
branching on 2    1
362454 354570 41         735.2329   781.5870   6.3047     % 
branching on 2    1
362455 354571 33         735.2329   781.5870   6.3047     % 
branching on 1    2
362456 354572 33         735.2329   781.5870   6.3047     % 
branching on 1    2
362457 354573 32         735.2333   781.5870   6.3046     % 
branching on 1    2
362458 354574 32         735.2333   781.5870   6.3046     % 
branching on 1    2
362459 354575 38         735.2333   781.5870   6.3046     % 
branching on 1    2
362460 354576 38         735.2333   781.5870   6.3046     % 
branching on 1    2
362461 354577 39         735.2334   781.5870   6.3046     % 
branching on 1    2
362462 354578 39         735.2334   781.5870   6.3046     % 
branching on 1    2
362463 354579 40         735.2337   781.5870   6.3046     % 
branching on 2    1
362464 354580 40         735.2337   781.5870   6.3046     % 
branching on 2    1
362465 354581 40         735.2338   781.5870   6.3046     % 
branching on 1    1
362466 354582 40         735.2338   781.5870   6.3046     % 
branching on 1    1
362467 354583 40         735.2338   781.5870   6.3046     % 
branching on 1    1
362468 354584 40         735.2338   781.5870   6.3046     % 
branching on 1    1
362469 354585 42         735.2338   781.5870   6.3046     % 
branching on 2    3
362470 354586 42         735.2338   781.5870   6.3046     % 
branching on 2    3
362471 354587 33         735.2339   781.5870   6.3045     % 
branching on 1    2
362472 354588 33         735.2339   781.5870   6.3045     % 
branching on 1    2
362473 354589 34         735.2340   781.5870   6.3045     % 
branching on 2    1
362474 354590 34         735.2340   781.5870   6.3045     % 
branching on 2    1
362475 354591 25         735.2340   781.5870   6.3045     % 
branching on 1    3
362476 354592 25         735.2340   781.5870   6.3045     % 
362477 354591 42         735.2341   781.5870   6.3045     % 
branching on 2    2
362478 354592 42         735.2341   781.5870   6.3045     % 
branching on 2    2
362479 354593 39         735.2346   781.5870   6.3044     % 
branching on 1    2
362480 354594 39         735.2346   781.5870   6.3044     % 
branching on 1    2
362481 354595 41         735.2347   781.5870   6.3044     % 
branching on 2    1
362482 354596 41         735.2347   781.5870   6.3044     % 
branching on 2    1
362483 354597 35         735.2348   781.5870   6.3044     % 
branching on 2    3
362484 354598 35         735.2348   781.5870   6.3044     % 
branching on 2    3
362485 354599 39         735.2349   781.5870   6.3044     % 
branching on 1    1
362486 354600 39         735.2349   781.5870   6.3044     % 
branching on 1    1
362487 354601 39         735.2349   781.5870   6.3044     % 
branching on 1    2
362488 354602 39         735.2349   781.5870   6.3044     % 
branching on 1    2
362489 354603 40         735.2350   781.5870   6.3044     % 
branching on 1    1
362490 354604 40         735.2350   781.5870   6.3044     % 
branching on 1    1
362491 354605 43         735.2352   781.5870   6.3043     % 
branching on 2    2
362492 354606 43         735.2352   781.5870   6.3043     % 
branching on 2    2
362493 354607 41         735.2353   781.5870   6.3043     % 
branching on 2    1
362494 354608 41         735.2353   781.5870   6.3043     % 
branching on 2    1
362495 354609 35         735.2354   781.5870   6.3043     % 
branching on 2    2
362496 354610 35         735.2354   781.5870   6.3043     % 
branching on 2    2
362497 354611 30         735.2355   781.5870   6.3043     % 
branching on 2    2
362498 354612 30         735.2355   781.5870   6.3043     % 
branching on 2    2
362499 354613 39         735.2357   781.5870   6.3043     % 
branching on 1    2
362500 354614 39         735.2357   781.5870   6.3043     % 
branching on 1    2
362501 354615 41         735.2358   781.5870   6.3043     % 
branching on 2    1
362502 354616 41         735.2358   781.5870   6.3043     % 
branching on 2    1
362503 354617 26         735.2360   781.5870   6.3042     % 
branching on 1    2
362504 354618 26         735.2360   781.5870   6.3042     % 
branching on 1    2
362505 354619 38         735.2360   781.5870   6.3042     % 
branching on 1    2
362506 354620 38         735.2360   781.5870   6.3042     % 
branching on 1    2
362507 354621 38         735.2362   781.5870   6.3042     % 
branching on 1    3
362508 354622 38         735.2362   781.5870   6.3042     % 
branching on 1    3
362509 354623 34         735.2362   781.5870   6.3042     % 
branching on 2    1
362510 354624 34         735.2362   781.5870   6.3042     % 
branching on 2    1
362511 354625 38         735.2363   781.5870   6.3042     % 
branching on 1    3
362512 354626 38         735.2363   781.5870   6.3042     % 
branching on 1    3
362513 354627 42         735.2363   781.5870   6.3042     % 
branching on 2    3
362514 354628 42         735.2363   781.5870   6.3042     % 
branching on 2    3
362515 354629 39         735.2364   781.5870   6.3042     % 
branching on 1    1
362516 354630 39         735.2364   781.5870   6.3042     % 
branching on 1    1
362517 354631 43         735.2366   781.5870   6.3042     % 
branching on 2    2
362518 354632 43         735.2366   781.5870   6.3042     % 
branching on 2    2
362519 354633 40         735.2366   781.5870   6.3042     % 
branching on 1    1
362520 354634 40         735.2366   781.5870   6.3042     % 
branching on 1    1
362521 354635 42         735.2366   781.5870   6.3041     % 
branching on 2    2
362522 354636 42         735.2366   781.5870   6.3041     % 
branching on 2    2
362523 354637 42         735.2367   781.5870   6.3041     % 
branching on 2    3
362524 354638 42         735.2367   781.5870   6.3041     % 
branching on 2    3
362525 354639 33         735.2368   781.5870   6.3041     % 
branching on 1    1
362526 354640 33         735.2368   781.5870   6.3041     % 
branching on 1    1
362527 354641 42         735.2368   781.5870   6.3041     % 
branching on 2    3
362528 354642 42         735.2368   781.5870   6.3041     % 
branching on 2    3
362529 354643 38         735.2368   781.5870   6.3041     % 
branching on 1    2
362530 354644 38         735.2368   781.5870   6.3041     % 
branching on 1    2
362531 354645 37         735.2368   781.5870   6.3041     % 
branching on 2    3
362532 354646 37         735.2368   781.5870   6.3041     % 
branching on 2    3
362533 354647 41         735.2370   781.5870   6.3041     % 
branching on 2    1
362534 354648 41         735.2370   781.5870   6.3041     % 
branching on 2    1
362535 354649 39         735.2370   781.5870   6.3041     % 
branching on 1    2
362536 354650 39         735.2370   781.5870   6.3041     % 
branching on 1    2
362537 354651 43         735.2371   781.5870   6.3041     % 
branching on 2    2
362538 354652 43         735.2371   781.5870   6.3041     % 
branching on 2    2
362539 354653 38         735.2372   781.5870   6.3041     % 
branching on 1    3
362540 354654 38         735.2372   781.5870   6.3041     % 
branching on 1    3
362541 354655 38         735.2374   781.5870   6.3040     % 
branching on 1    3
362542 354656 38         735.2374   781.5870   6.3040     % 
branching on 1    3
362543 354657 37         735.2374   781.5870   6.3040     % 
branching on 2    2
362544 354658 37         735.2374   781.5870   6.3040     % 
branching on 2    2
362545 354659 38         735.2374   781.5870   6.3040     % 
branching on 1    3
362546 354660 38         735.2374   781.5870   6.3040     % 
branching on 1    3
362547 354661 39         735.2374   781.5870   6.3040     % 
branching on 1    2
362548 354662 39         735.2374   781.5870   6.3040     % 
branching on 1    2
362549 354663 39         735.2374   781.5870   6.3040     % 
branching on 1    2
362550 354664 39         735.2374   781.5870   6.3040     % 
branching on 1    2
362551 354665 40         735.2376   781.5870   6.3040     % 
branching on 1    1
362552 354666 40         735.2376   781.5870   6.3040     % 
branching on 1    1
362553 354667 35         735.2376   781.5870   6.3040     % 
branching on 2    2
362554 354668 35         735.2376   781.5870   6.3040     % 
branching on 2    2
362555 354669 42         735.2376   781.5870   6.3040     % 
branching on 2    3
362556 354670 42         735.2376   781.5870   6.3040     % 
branching on 2    3
362557 354671 42         735.2377   781.5870   6.3040     % 
branching on 2    3
362558 354672 42         735.2377   781.5870   6.3040     % 
branching on 2    3
362559 354673 39         735.2378   781.5870   6.3040     % 
branching on 1    2
362560 354674 39         735.2378   781.5870   6.3040     % 
branching on 1    2
362561 354675 37         735.2379   781.5870   6.3040     % 
branching on 2    3
362562 354676 37         735.2379   781.5870   6.3040     % 
branching on 2    3
362563 354677 37         735.2380   781.5870   6.3039     % 
branching on 2    2
362564 354678 37         735.2380   781.5870   6.3039     % 
branching on 2    2
362565 354679 36         735.2380   781.5870   6.3039     % 
branching on 2    3
362566 354680 36         735.2380   781.5870   6.3039     % 
branching on 2    3
362567 354681 43         735.2381   781.5870   6.3039     % 
branching on 2    2
362568 354682 43         735.2381   781.5870   6.3039     % 
branching on 2    2
362569 354683 42         735.2381   781.5870   6.3039     % 
branching on 2    3
362570 354684 42         735.2381   781.5870   6.3039     % 
branching on 2    3
362571 354685 39         735.2383   781.5870   6.3039     % 
branching on 1    2
362572 354686 39         735.2383   781.5870   6.3039     % 
branching on 1    2
362573 354687 42         735.2385   781.5870   6.3039     % 
branching on 2    3
362574 354688 42         735.2385   781.5870   6.3039     % 
branching on 2    3
362575 354689 35         735.2386   781.5870   6.3039     % 
branching on 2    3
362576 354690 35         735.2386   781.5870   6.3039     % 
branching on 2    3
362577 354691 39         735.2387   781.5870   6.3038     % 
branching on 1    1
362578 354692 39         735.2387   781.5870   6.3038     % 
branching on 1    1
362579 354693 40         735.2387   781.5870   6.3038     % 
branching on 1    1
362580 354694 40         735.2387   781.5870   6.3038     % 
branching on 1    1
362581 354695 35         735.2388   781.5870   6.3038     % 
branching on 2    2
362582 354696 35         735.2388   781.5870   6.3038     % 
branching on 2    2
362583 354697 39         735.2388   781.5870   6.3038     % 
branching on 1    2
362584 354698 39         735.2388   781.5870   6.3038     % 
branching on 1    2
362585 354699 40         735.2391   781.5870   6.3038     % 
branching on 1    1
362586 354700 40         735.2391   781.5870   6.3038     % 
branching on 1    1
362587 354701 41         735.2392   781.5870   6.3038     % 
branching on 2    1
362588 354702 41         735.2392   781.5870   6.3038     % 
branching on 2    1
362589 354703 39         735.2392   781.5870   6.3038     % 
branching on 1    1
362590 354704 39         735.2392   781.5870   6.3038     % 
branching on 1    1
362591 354705 41         735.2392   781.5870   6.3038     % 
branching on 2    3
362592 354706 41         735.2392   781.5870   6.3038     % 
branching on 2    3
362593 354707 39         735.2393   781.5870   6.3038     % 
branching on 1    1
362594 354708 39         735.2393   781.5870   6.3038     % 
branching on 1    1
362595 354709 34         735.2394   781.5870   6.3037     % 
branching on 1    1
362596 354710 34         735.2394   781.5870   6.3037     % 
branching on 1    1
362597 354711 36         735.2395   781.5870   6.3037     % 
branching on 2    3
362598 354712 36         735.2395   781.5870   6.3037     % 
branching on 2    3
362599 354713 32         735.2395   781.5870   6.3037     % 
branching on 1    2
362600 354714 32         735.2395   781.5870   6.3037     % 
branching on 1    2
362601 354715 33         735.2396   781.5870   6.3037     % 
branching on 1    1
362602 354716 33         735.2396   781.5870   6.3037     % 
branching on 1    1
362603 354717 32         735.2396   781.5870   6.3037     % 
branching on 1    2
362604 354718 32         735.2396   781.5870   6.3037     % 
branching on 1    2
362605 354719 35         735.2397   781.5870   6.3037     % 
branching on 2    1
362606 354720 35         735.2397   781.5870   6.3037     % 
branching on 2    1
362607 354721 36         735.2397   781.5870   6.3037     % 
branching on 2    3
362608 354722 36         735.2397   781.5870   6.3037     % 
branching on 2    3
362609 354723 42         735.2398   781.5870   6.3037     % 
branching on 2    3
362610 354724 42         735.2398   781.5870   6.3037     % 
branching on 2    3
362611 354725 41         735.2399   781.5870   6.3037     % 
branching on 2    1
362612 354726 41         735.2399   781.5870   6.3037     % 
branching on 2    1
362613 354727 38         735.2399   781.5870   6.3037     % 
branching on 1    3
362614 354728 38         735.2399   781.5870   6.3037     % 
branching on 1    3
362615 354729 39         735.2399   781.5870   6.3037     % 
branching on 1    2
362616 354730 39         735.2399   781.5870   6.3037     % 
branching on 1    2
362617 354731 37         735.2401   781.5870   6.3036     % 
branching on 2    2
362618 354732 37         735.2401   781.5870   6.3036     % 
branching on 2    2
362619 354733 39         735.2402   781.5870   6.3036     % 
branching on 1    1
362620 354734 39         735.2402   781.5870   6.3036     % 
branching on 1    1
362621 354735 42         735.2402   781.5870   6.3036     % 
branching on 2    3
362622 354736 42         735.2402   781.5870   6.3036     % 
branching on 2    3
362623 354737 35         735.2403   781.5870   6.3036     % 
branching on 2    1
362624 354738 35         735.2403   781.5870   6.3036     % 
branching on 2    1
362625 354739 40         735.2403   781.5870   6.3036     % 
branching on 1    1
362626 354740 40         735.2403   781.5870   6.3036     % 
branching on 1    1
362627 354741 41         735.2405   781.5870   6.3036     % 
branching on 2    1
362628 354742 41         735.2405   781.5870   6.3036     % 
branching on 2    1
362629 354743 41         735.2406   781.5870   6.3036     % 
branching on 2    1
362630 354744 41         735.2406   781.5870   6.3036     % 
branching on 2    1
362631 354745 33         735.2407   781.5870   6.3036     % 
branching on 1    1
362632 354746 33         735.2407   781.5870   6.3036     % 
branching on 1    1
362633 354747 35         735.2408   781.5870   6.3035     % 
branching on 2    1
362634 354748 35         735.2408   781.5870   6.3035     % 
branching on 2    1
362635 354749 38         735.2408   781.5870   6.3035     % 
branching on 1    2
362636 354750 38         735.2408   781.5870   6.3035     % 
branching on 1    2
362637 354751 41         735.2412   781.5870   6.3035     % 
branching on 2    1
362638 354752 41         735.2412   781.5870   6.3035     % 
branching on 2    1
362639 354753 40         735.2413   781.5870   6.3035     % 
branching on 1    1
362640 354754 40         735.2413   781.5870   6.3035     % 
branching on 1    1
362641 354755 35         735.2413   781.5870   6.3035     % 
branching on 2    3
362642 354756 35         735.2413   781.5870   6.3035     % 
branching on 2    3
362643 354757 38         735.2414   781.5870   6.3035     % 
branching on 1    3
362644 354758 38         735.2414   781.5870   6.3035     % 
branching on 1    3
362645 354759 39         735.2415   781.5870   6.3034     % 
branching on 1    1
362646 354760 39         735.2415   781.5870   6.3034     % 
branching on 1    1
362647 354761 32         735.2416   781.5870   6.3034     % 
branching on 1    3
362648 354762 32         735.2416   781.5870   6.3034     % 
branching on 1    3
362649 354763 40         735.2416   781.5870   6.3034     % 
branching on 1    1
362650 354764 40         735.2416   781.5870   6.3034     % 
branching on 1    1
362651 354765 40         735.2416   781.5870   6.3034     % 
branching on 1    1
362652 354766 40         735.2416   781.5870   6.3034     % 
branching on 1    1
362653 354767 38         735.2417   781.5870   6.3034     % 
branching on 1    2
362654 354768 38         735.2417   781.5870   6.3034     % 
branching on 1    2
362655 354769 39         735.2417   781.5870   6.3034     % 
branching on 1    1
362656 354770 39         735.2417   781.5870   6.3034     % 
solved nodes:  362656
362656                                                7.3524e+02     7.8159e+02     6.3034  % 
centers   [7.610958859937048 14.533220965697488 2.135622240272239; 18.9779688275519 4.174264110390144 13.117620213034753]
Toy-3-50:       1705.72 14404.77        6.3034% 362657

C:\Users\Joshua\Documents\global_kmeans - Disabled LD - Copy>  