branching on 2    2
325772 318448 37         733.5671   781.5870   6.5461     % 
branching on 2    2
325773 318449 36         733.5671   781.5870   6.5461     % 
branching on 2    3
325774 318450 36         733.5671   781.5870   6.5461     % 
branching on 2    3
325775 318451 35         733.5672   781.5870   6.5461     % 
branching on 2    2
325776 318452 35         733.5672   781.5870   6.5461     % 
branching on 2    2
325777 318453 32         733.5672   781.5870   6.5461     % 
branching on 1    1
325778 318454 32         733.5672   781.5870   6.5461     % 
branching on 1    1
325779 318455 37         733.5673   781.5870   6.5461     % 
branching on 1    3
325780 318456 37         733.5673   781.5870   6.5461     % 
branching on 1    3
325781 318457 32         733.5674   781.5870   6.5460     % 
branching on 1    2
325782 318458 32         733.5674   781.5870   6.5460     % 
branching on 1    2
325783 318459 39         733.5675   781.5870   6.5460     % 
branching on 1    1
325784 318460 39         733.5675   781.5870   6.5460     % 
branching on 1    1
325785 318461 38         733.5675   781.5870   6.5460     % 
branching on 1    3
325786 318462 38         733.5675   781.5870   6.5460     % 
branching on 1    3
325787 318463 32         733.5676   781.5870   6.5460     % 
branching on 1    3
325788 318464 32         733.5676   781.5870   6.5460     % 
branching on 1    3
325789 318465 41         733.5676   781.5870   6.5460     % 
branching on 2    1
325790 318466 41         733.5676   781.5870   6.5460     % 
branching on 2    1
325791 318467 40         733.5677   781.5870   6.5460     % 
branching on 2    1
325792 318468 40         733.5677   781.5870   6.5460     % 
branching on 2    1
325793 318469 31         733.5678   781.5870   6.5460     % 
branching on 1    3
325794 318470 31         733.5678   781.5870   6.5460     % 
branching on 1    3
325795 318471 37         733.5679   781.5870   6.5460     % 
branching on 1    3
325796 318472 37         733.5679   781.5870   6.5460     % 
branching on 1    3
325797 318473 39         733.5680   781.5870   6.5460     % 
branching on 1    2
325798 318474 39         733.5680   781.5870   6.5460     % 
branching on 1    2
325799 318475 40         733.5680   781.5870   6.5460     % 
branching on 1    1
325800 318476 40         733.5680   781.5870   6.5460     % 
branching on 1    1
325801 318477 35         733.5682   781.5870   6.5459     % 
branching on 2    3
325802 318478 35         733.5682   781.5870   6.5459     % 
branching on 2    3
325803 318479 35         733.5683   781.5870   6.5459     % 
branching on 2    3
325804 318480 35         733.5683   781.5870   6.5459     % 
branching on 2    3
325805 318481 41         733.5685   781.5870   6.5459     % 
branching on 2    1
325806 318482 41         733.5685   781.5870   6.5459     % 
branching on 2    1
325807 318483 39         733.5685   781.5870   6.5459     % 
branching on 1    2
325808 318484 39         733.5685   781.5870   6.5459     % 
branching on 1    2
325809 318485 38         733.5687   781.5870   6.5459     % 
branching on 1    3
325810 318486 38         733.5687   781.5870   6.5459     % 
branching on 1    3
325811 318487 40         733.5687   781.5870   6.5459     % 
branching on 1    1
325812 318488 40         733.5687   781.5870   6.5459     % 
branching on 1    1
325813 318489 33         733.5687   781.5870   6.5459     % 
branching on 1    1
325814 318490 33         733.5687   781.5870   6.5459     % 
branching on 1    1
325815 318491 39         733.5689   781.5870   6.5458     % 
branching on 1    2
325816 318492 39         733.5689   781.5870   6.5458     % 
branching on 1    2
325817 318493 37         733.5689   781.5870   6.5458     % 
branching on 1    3
325818 318494 37         733.5689   781.5870   6.5458     % 
branching on 1    3
325819 318495 39         733.5694   781.5870   6.5458     % 
branching on 1    2
325820 318496 39         733.5694   781.5870   6.5458     % 
branching on 1    2
325821 318497 37         733.5694   781.5870   6.5457     % 
branching on 1    3
325822 318498 37         733.5694   781.5870   6.5457     % 
branching on 1    3
325823 318499 39         733.5695   781.5870   6.5457     % 
branching on 1    2
325824 318500 39         733.5695   781.5870   6.5457     % 
branching on 1    2
325825 318501 36         733.5695   781.5870   6.5457     % 
branching on 2    3
325826 318502 36         733.5695   781.5870   6.5457     % 
branching on 2    3
325827 318503 36         733.5698   781.5870   6.5457     % 
branching on 2    2
325828 318504 36         733.5698   781.5870   6.5457     % 
branching on 2    2
325829 318505 42         733.5698   781.5870   6.5457     % 
branching on 2    3
325830 318506 42         733.5698   781.5870   6.5457     % 
branching on 2    3
325831 318507 36         733.5699   781.5870   6.5457     % 
branching on 2    3
325832 318508 36         733.5699   781.5870   6.5457     % 
branching on 2    3
325833 318509 37         733.5699   781.5870   6.5457     % 
branching on 2    3
325834 318510 37         733.5699   781.5870   6.5457     % 
branching on 2    3
325835 318511 35         733.5700   781.5870   6.5457     % 
branching on 2    1
325836 318512 35         733.5700   781.5870   6.5457     % 
branching on 2    1
325837 318513 38         733.5701   781.5870   6.5456     % 
branching on 1    3
325838 318514 38         733.5701   781.5870   6.5456     % 
branching on 1    3
325839 318515 37         733.5703   781.5870   6.5456     % 
branching on 2    2
325840 318516 37         733.5703   781.5870   6.5456     % 
branching on 2    2
325841 318517 37         733.5706   781.5870   6.5456     % 
branching on 2    2
325842 318518 37         733.5706   781.5870   6.5456     % 
branching on 2    2
325843 318519 38         733.5708   781.5870   6.5455     % 
branching on 1    3
325844 318520 38         733.5708   781.5870   6.5455     % 
branching on 1    3
325845 318521 38         733.5710   781.5870   6.5455     % 
branching on 1    3
325846 318522 38         733.5710   781.5870   6.5455     % 
branching on 1    3
325847 318523 38         733.5710   781.5870   6.5455     % 
branching on 1    3
325848 318524 38         733.5710   781.5870   6.5455     % 
branching on 1    3
325849 318525 36         733.5712   781.5870   6.5455     % 
branching on 2    3
325850 318526 36         733.5712   781.5870   6.5455     % 
branching on 2    3
325851 318527 33         733.5712   781.5870   6.5455     % 
branching on 1    1
325852 318528 33         733.5712   781.5870   6.5455     % 
branching on 1    1
325853 318529 41         733.5712   781.5870   6.5455     % 
branching on 2    1
325854 318530 41         733.5712   781.5870   6.5455     % 
branching on 2    1
325855 318531 39         733.5712   781.5870   6.5455     % 
branching on 1    2
325856 318532 39         733.5712   781.5870   6.5455     % 
branching on 1    2
325857 318533 34         733.5712   781.5870   6.5455     % 
branching on 1    1
325858 318534 34         733.5712   781.5870   6.5455     % 
branching on 1    1
325859 318535 38         733.5712   781.5870   6.5455     % 
branching on 1    3
325860 318536 38         733.5712   781.5870   6.5455     % 
branching on 1    3
325861 318537 37         733.5713   781.5870   6.5455     % 
branching on 1    3
325862 318538 37         733.5713   781.5870   6.5455     % 
branching on 1    3
325863 318539 37         733.5713   781.5870   6.5455     % 
branching on 2    2
325864 318540 37         733.5713   781.5870   6.5455     % 
branching on 2    2
325865 318541 35         733.5714   781.5870   6.5455     % 
branching on 2    2
325866 318542 35         733.5714   781.5870   6.5455     % 
branching on 2    2
325867 318543 35         733.5716   781.5870   6.5454     % 
branching on 2    1
325868 318544 35         733.5716   781.5870   6.5454     % 
branching on 2    1
325869 318545 38         733.5717   781.5870   6.5454     % 
branching on 1    2
325870 318546 38         733.5717   781.5870   6.5454     % 
branching on 1    2
325871 318547 37         733.5719   781.5870   6.5454     % 
branching on 2    3
325872 318548 37         733.5719   781.5870   6.5454     % 
branching on 2    3
325873 318549 41         733.5720   781.5870   6.5454     % 
branching on 2    1
325874 318550 41         733.5720   781.5870   6.5454     % 
branching on 2    1
325875 318551 34         733.5720   781.5870   6.5454     % 
branching on 1    1
325876 318552 34         733.5720   781.5870   6.5454     % 
branching on 1    1
325877 318553 39         733.5722   781.5870   6.5453     % 
branching on 1    2
325878 318554 39         733.5722   781.5870   6.5453     % 
branching on 1    2
325879 318555 37         733.5722   781.5870   6.5453     % 
branching on 1    3
325880 318556 37         733.5722   781.5870   6.5453     % 
branching on 1    3
325881 318557 39         733.5722   781.5870   6.5453     % 
branching on 1    2
325882 318558 39         733.5722   781.5870   6.5453     % 
branching on 1    2
325883 318559 41         733.5724   781.5870   6.5453     % 
branching on 2    1
325884 318560 41         733.5724   781.5870   6.5453     % 
branching on 2    1
325885 318561 38         733.5724   781.5870   6.5453     % 
branching on 1    2
325886 318562 38         733.5724   781.5870   6.5453     % 
branching on 1    2
325887 318563 38         733.5725   781.5870   6.5453     % 
branching on 1    3
325888 318564 38         733.5725   781.5870   6.5453     % 
branching on 1    3
325889 318565 36         733.5726   781.5870   6.5453     % 
branching on 2    2
325890 318566 36         733.5726   781.5870   6.5453     % 
branching on 2    2
325891 318567 37         733.5726   781.5870   6.5453     % 
branching on 1    3
325892 318568 37         733.5726   781.5870   6.5453     % 
branching on 1    3
325893 318569 36         733.5727   781.5870   6.5453     % 
branching on 2    2
325894 318570 36         733.5727   781.5870   6.5453     % 
branching on 2    2
325895 318571 40         733.5727   781.5870   6.5453     % 
branching on 1    1
325896 318572 40         733.5727   781.5870   6.5453     % 
branching on 1    1
325897 318573 33         733.5727   781.5870   6.5453     % 
branching on 1    2
325898 318574 33         733.5727   781.5870   6.5453     % 
branching on 1    2
325899 318575 40         733.5728   781.5870   6.5453     % 
branching on 1    1
325900 318576 40         733.5728   781.5870   6.5453     % 
branching on 1    1
325901 318577 36         733.5728   781.5870   6.5453     % 
branching on 2    3
325902 318578 36         733.5728   781.5870   6.5453     % 
branching on 2    3
325903 318579 32         733.5728   781.5870   6.5452     % 
branching on 1    2
325904 318580 32         733.5728   781.5870   6.5452     % 
branching on 1    2
325905 318581 32         733.5729   781.5870   6.5452     % 
branching on 1    3
325906 318582 32         733.5729   781.5870   6.5452     % 
branching on 1    3
325907 318583 38         733.5731   781.5870   6.5452     % 
branching on 1    3
325908 318584 38         733.5731   781.5870   6.5452     % 
branching on 1    3
325909 318585 34         733.5731   781.5870   6.5452     % 
branching on 1    1
325910 318586 34         733.5731   781.5870   6.5452     % 
branching on 1    1
325911 318587 41         733.5732   781.5870   6.5452     % 
branching on 2    1
325912 318588 41         733.5732   781.5870   6.5452     % 
branching on 2    1
325913 318589 41         733.5734   781.5870   6.5452     % 
branching on 2    1
325914 318590 41         733.5734   781.5870   6.5452     % 
branching on 2    1
325915 318591 33         733.5734   781.5870   6.5452     % 
branching on 1    1
325916 318592 33         733.5734   781.5870   6.5452     % 
branching on 1    1
325917 318593 40         733.5735   781.5870   6.5452     % 
branching on 1    1
325918 318594 40         733.5735   781.5870   6.5452     % 
branching on 1    1
325919 318595 35         733.5737   781.5870   6.5451     % 
branching on 2    3
325920 318596 35         733.5737   781.5870   6.5451     % 
branching on 2    3
325921 318597 39         733.5738   781.5870   6.5451     % 
branching on 1    2
325922 318598 39         733.5738   781.5870   6.5451     % 
branching on 1    2
325923 318599 38         733.5738   781.5870   6.5451     % 
branching on 1    3
325924 318600 38         733.5738   781.5870   6.5451     % 
branching on 1    3
325925 318601 38         733.5740   781.5870   6.5451     % 
branching on 1    3
325926 318602 38         733.5740   781.5870   6.5451     % 
branching on 1    3
325927 318603 39         733.5740   781.5870   6.5451     % 
branching on 1    2
325928 318604 39         733.5740   781.5870   6.5451     % 
branching on 1    2
325929 318605 36         733.5741   781.5870   6.5451     % 
branching on 2    3
325930 318606 36         733.5741   781.5870   6.5451     % 
branching on 2    3
325931 318607 25         733.5742   781.5870   6.5450     % 
branching on 2    3
325932 318608 25         733.5742   781.5870   6.5450     % 
branching on 2    3
325933 318609 38         733.5743   781.5870   6.5450     % 
branching on 1    3
325934 318610 38         733.5743   781.5870   6.5450     % 
branching on 1    3
325935 318611 35         733.5745   781.5870   6.5450     % 
branching on 2    3
325936 318612 35         733.5745   781.5870   6.5450     % 
branching on 2    3
325937 318613 38         733.5745   781.5870   6.5450     % 
branching on 1    2
325938 318614 38         733.5745   781.5870   6.5450     % 
branching on 1    2
325939 318615 42         733.5747   781.5870   6.5450     % 
branching on 2    3
325940 318616 42         733.5747   781.5870   6.5450     % 
branching on 2    3
325941 318617 34         733.5747   781.5870   6.5450     % 
branching on 1    1
325942 318618 34         733.5747   781.5870   6.5450     % 
branching on 1    1
325943 318619 37         733.5747   781.5870   6.5450     % 
branching on 2    2
325944 318620 37         733.5747   781.5870   6.5450     % 
branching on 2    2
325945 318621 34         733.5751   781.5870   6.5449     % 
branching on 2    1
325946 318622 34         733.5751   781.5870   6.5449     % 
branching on 2    1
325947 318623 42         733.5752   781.5870   6.5449     % 
branching on 2    3
325948 318624 42         733.5752   781.5870   6.5449     % 
branching on 2    3
325949 318625 35         733.5753   781.5870   6.5449     % 
branching on 2    3
325950 318626 35         733.5753   781.5870   6.5449     % 
branching on 2    3
325951 318627 41         733.5754   781.5870   6.5449     % 
branching on 2    1
325952 318628 41         733.5754   781.5870   6.5449     % 
branching on 2    1
325953 318629 38         733.5754   781.5870   6.5449     % 
branching on 1    2
325954 318630 38         733.5754   781.5870   6.5449     % 
branching on 1    2
325955 318631 39         733.5754   781.5870   6.5449     % 
branching on 1    1
325956 318632 39         733.5754   781.5870   6.5449     % 
branching on 1    1
325957 318633 39         733.5755   781.5870   6.5449     % 
branching on 1    2
325958 318634 39         733.5755   781.5870   6.5449     % 
branching on 1    2
325959 318635 38         733.5756   781.5870   6.5448     % 
branching on 1    2
325960 318636 38         733.5756   781.5870   6.5448     % 
branching on 1    2
325961 318637 32         733.5757   781.5870   6.5448     % 
branching on 1    2
325962 318638 32         733.5757   781.5870   6.5448     % 
branching on 1    2
325963 318639 32         733.5757   781.5870   6.5448     % 
branching on 1    3
325964 318640 32         733.5757   781.5870   6.5448     % 
branching on 1    3
325965 318641 42         733.5758   781.5870   6.5448     % 
branching on 2    3
325966 318642 42         733.5758   781.5870   6.5448     % 
branching on 2    3
325967 318643 37         733.5760   781.5870   6.5448     % 
branching on 1    3
325968 318644 37         733.5760   781.5870   6.5448     % 
branching on 1    3
325969 318645 41         733.5760   781.5870   6.5448     % 
branching on 2    1
325970 318646 41         733.5760   781.5870   6.5448     % 
branching on 2    1
325971 318647 35         733.5761   781.5870   6.5448     % 
branching on 2    2
325972 318648 35         733.5761   781.5870   6.5448     % 
branching on 2    2
325973 318649 29         733.5761   781.5870   6.5448     % 
branching on 2    3
325974 318650 29         733.5761   781.5870   6.5448     % 
branching on 2    3
325975 318651 39         733.5763   781.5870   6.5448     % 
branching on 1    2
325976 318652 39         733.5763   781.5870   6.5448     % 
branching on 1    2
325977 318653 40         733.5764   781.5870   6.5447     % 
branching on 1    1
325978 318654 40         733.5764   781.5870   6.5447     % 
branching on 1    1
325979 318655 39         733.5766   781.5870   6.5447     % 
branching on 1    2
325980 318656 39         733.5766   781.5870   6.5447     % 
branching on 1    2
325981 318657 41         733.5768   781.5870   6.5447     % 
branching on 2    1
325982 318658 41         733.5768   781.5870   6.5447     % 
branching on 2    1
325983 318659 36         733.5768   781.5870   6.5447     % 
branching on 2    2
325984 318660 36         733.5768   781.5870   6.5447     % 
branching on 2    2
325985 318661 37         733.5768   781.5870   6.5447     % 
branching on 1    3
325986 318662 37         733.5768   781.5870   6.5447     % 
branching on 1    3
325987 318663 38         733.5768   781.5870   6.5447     % 
branching on 1    3
325988 318664 38         733.5768   781.5870   6.5447     % 
branching on 1    3
325989 318665 39         733.5771   781.5870   6.5446     % 
branching on 1    1
325990 318666 39         733.5771   781.5870   6.5446     % 
branching on 1    1
325991 318667 35         733.5772   781.5870   6.5446     % 
branching on 2    1
325992 318668 35         733.5772   781.5870   6.5446     % 
branching on 2    1
325993 318669 38         733.5773   781.5870   6.5446     % 
branching on 1    2
325994 318670 38         733.5773   781.5870   6.5446     % 
branching on 1    2
325995 318671 38         733.5774   781.5870   6.5446     % 
branching on 1    3
325996 318672 38         733.5774   781.5870   6.5446     % 
branching on 1    3
325997 318673 34         733.5774   781.5870   6.5446     % 
branching on 1    1
325998 318674 34         733.5774   781.5870   6.5446     % 
branching on 1    1
325999 318675 38         733.5775   781.5870   6.5446     % 
branching on 1    2
326000 318676 38         733.5775   781.5870   6.5446     % 
branching on 1    2
326001 318677 35         733.5775   781.5870   6.5446     % 
branching on 2    1
326002 318678 35         733.5775   781.5870   6.5446     % 
branching on 2    1
326003 318679 39         733.5775   781.5870   6.5446     % 
branching on 1    1
326004 318680 39         733.5775   781.5870   6.5446     % 
branching on 1    1
326005 318681 41         733.5776   781.5870   6.5446     % 
branching on 2    1
326006 318682 41         733.5776   781.5870   6.5446     % 
branching on 2    1
326007 318683 41         733.5777   781.5870   6.5446     % 
branching on 2    1
326008 318684 41         733.5777   781.5870   6.5446     % 
branching on 2    1
326009 318685 42         733.5777   781.5870   6.5445     % 
branching on 2    3
326010 318686 42         733.5777   781.5870   6.5445     % 
branching on 2    3
326011 318687 37         733.5778   781.5870   6.5445     % 
branching on 2    3
326012 318688 37         733.5778   781.5870   6.5445     % 
branching on 2    3
326013 318689 39         733.5778   781.5870   6.5445     % 
branching on 1    1
326014 318690 39         733.5778   781.5870   6.5445     % 
branching on 1    1
326015 318691 35         733.5780   781.5870   6.5445     % 
branching on 2    3
326016 318692 35         733.5780   781.5870   6.5445     % 
branching on 2    3
326017 318693 33         733.5780   781.5870   6.5445     % 
branching on 1    1
326018 318694 33         733.5780   781.5870   6.5445     % 
branching on 1    1
326019 318695 36         733.5780   781.5870   6.5445     % 
branching on 2    3
326020 318696 36         733.5780   781.5870   6.5445     % 
branching on 2    3
326021 318697 42         733.5782   781.5870   6.5445     % 
branching on 2    3
326022 318698 42         733.5782   781.5870   6.5445     % 
branching on 2    3
326023 318699 41         733.5782   781.5870   6.5445     % 
branching on 2    1
326024 318700 41         733.5782   781.5870   6.5445     % 
branching on 2    1
326025 318701 40         733.5784   781.5870   6.5444     % 
branching on 1    1
326026 318702 40         733.5784   781.5870   6.5444     % 
branching on 1    1
326027 318703 37         733.5784   781.5870   6.5444     % 
branching on 1    3
326028 318704 37         733.5784   781.5870   6.5444     % 
branching on 1    3
326029 318705 40         733.5786   781.5870   6.5444     % 
branching on 1    1
326030 318706 40         733.5786   781.5870   6.5444     % 
branching on 1    1
326031 318707 31         733.5787   781.5870   6.5444     % 
branching on 1    3
326032 318708 31         733.5787   781.5870   6.5444     % 
branching on 1    3
326033 318709 37         733.5788   781.5870   6.5444     % 
branching on 2    2
326034 318710 37         733.5788   781.5870   6.5444     % 
branching on 2    2
326035 318711 41         733.5789   781.5870   6.5444     % 
branching on 2    1
326036 318712 41         733.5789   781.5870   6.5444     % 
branching on 2    1
326037 318713 38         733.5789   781.5870   6.5444     % 
branching on 1    3
326038 318714 38         733.5789   781.5870   6.5444     % 
branching on 1    3
326039 318715 37         733.5789   781.5870   6.5444     % 
branching on 2    3
326040 318716 37         733.5789   781.5870   6.5444     % 
branching on 2    3
326041 318717 38         733.5791   781.5870   6.5443     % 
branching on 1    3
326042 318718 38         733.5791   781.5870   6.5443     % 
branching on 1    3
326043 318719 42         733.5791   781.5870   6.5443     % 
branching on 2    3
326044 318720 42         733.5791   781.5870   6.5443     % 
branching on 2    3
326045 318721 38         733.5792   781.5870   6.5443     % 
branching on 1    3
326046 318722 38         733.5792   781.5870   6.5443     % 
branching on 1    3
326047 318723 41         733.5793   781.5870   6.5443     % 
branching on 2    1
326048 318724 41         733.5793   781.5870   6.5443     % 
branching on 2    1
326049 318725 33         733.5794   781.5870   6.5443     % 
branching on 1    1
326050 318726 33         733.5794   781.5870   6.5443     % 
branching on 1    1
326051 318727 41         733.5795   781.5870   6.5443     % 
branching on 2    1
326052 318728 41         733.5795   781.5870   6.5443     % 
branching on 2    1
326053 318729 42         733.5795   781.5870   6.5443     % 
branching on 2    3
326054 318730 42         733.5795   781.5870   6.5443     % 
branching on 2    3
326055 318731 40         733.5796   781.5870   6.5443     % 
branching on 1    1
326056 318732 40         733.5796   781.5870   6.5443     % 
branching on 1    1
326057 318733 36         733.5797   781.5870   6.5443     % 
branching on 2    3
326058 318734 36         733.5797   781.5870   6.5443     % 
branching on 2    3
326059 318735 40         733.5797   781.5870   6.5443     % 
branching on 1    1
326060 318736 40         733.5797   781.5870   6.5443     % 
branching on 1    1
326061 318737 37         733.5798   781.5870   6.5442     % 
branching on 2    3
326062 318738 37         733.5798   781.5870   6.5442     % 
branching on 2    3
326063 318739 32         733.5798   781.5870   6.5442     % 
branching on 1    2
326064 318740 32         733.5798   781.5870   6.5442     % 
branching on 1    2
326065 318741 39         733.5799   781.5870   6.5442     % 
branching on 1    2
326066 318742 39         733.5799   781.5870   6.5442     % 
branching on 1    2
326067 318743 37         733.5800   781.5870   6.5442     % 
branching on 1    3
326068 318744 37         733.5800   781.5870   6.5442     % 
branching on 1    3
326069 318745 41         733.5800   781.5870   6.5442     % 
branching on 2    1
326070 318746 41         733.5800   781.5870   6.5442     % 
branching on 2    1
326071 318747 40         733.5801   781.5870   6.5442     % 
branching on 1    1
326072 318748 40         733.5801   781.5870   6.5442     % 
branching on 1    1
326073 318749 37         733.5801   781.5870   6.5442     % 
branching on 2    2
326074 318750 37         733.5801   781.5870   6.5442     % 
branching on 2    2
326075 318751 33         733.5802   781.5870   6.5442     % 
branching on 1    1
326076 318752 33         733.5802   781.5870   6.5442     % 
branching on 1    1
326077 318753 39         733.5803   781.5870   6.5442     % 
branching on 1    1
326078 318754 39         733.5803   781.5870   6.5442     % 
branching on 1    1
326079 318755 36         733.5805   781.5870   6.5441     % 
branching on 2    3
326080 318756 36         733.5805   781.5870   6.5441     % 
branching on 2    3
326081 318757 32         733.5806   781.5870   6.5441     % 
branching on 1    2
326082 318758 32         733.5806   781.5870   6.5441     % 
branching on 1    2
326083 318759 37         733.5806   781.5870   6.5441     % 
branching on 2    2
326084 318760 37         733.5806   781.5870   6.5441     % 
branching on 2    2
326085 318761 40         733.5808   781.5870   6.5441     % 
branching on 1    1
326086 318762 40         733.5808   781.5870   6.5441     % 
branching on 1    1
326087 318763 39         733.5811   781.5870   6.5441     % 
branching on 1    2
326088 318764 39         733.5811   781.5870   6.5441     % 
branching on 1    2
326089 318765 36         733.5812   781.5870   6.5440     % 
branching on 2    3
326090 318766 36         733.5812   781.5870   6.5440     % 
branching on 2    3
326091 318767 36         733.5813   781.5870   6.5440     % 
branching on 2    3
326092 318768 36         733.5813   781.5870   6.5440     % 
branching on 2    3
326093 318769 36         733.5815   781.5870   6.5440     % 
branching on 2    3
326094 318770 36         733.5815   781.5870   6.5440     % 
branching on 2    3
326095 318771 41         733.5818   781.5870   6.5440     % 
branching on 2    1
326096 318772 41         733.5818   781.5870   6.5440     % 
branching on 2    1
326097 318773 34         733.5818   781.5870   6.5439     % 
branching on 2    1
326098 318774 34         733.5818   781.5870   6.5439     % 
branching on 2    1
326099 318775 40         733.5821   781.5870   6.5439     % 
branching on 2    1
326100 318776 40         733.5821   781.5870   6.5439     % 
branching on 2    1
326101 318777 41         733.5822   781.5870   6.5439     % 
branching on 2    1
326102 318778 41         733.5822   781.5870   6.5439     % 
branching on 2    1
326103 318779 41         733.5823   781.5870   6.5439     % 
branching on 2    1
326104 318780 41         733.5823   781.5870   6.5439     % 
branching on 2    1
326105 318781 38         733.5824   781.5870   6.5439     % 
branching on 1    2
326106 318782 38         733.5824   781.5870   6.5439     % 
branching on 1    2
326107 318783 34         733.5825   781.5870   6.5438     % 
branching on 1    1
326108 318784 34         733.5825   781.5870   6.5438     % 
branching on 1    1
326109 318785 38         733.5825   781.5870   6.5438     % 
branching on 1    3
326110 318786 38         733.5825   781.5870   6.5438     % 
branching on 1    3
326111 318787 37         733.5827   781.5870   6.5438     % 
branching on 2    2
326112 318788 37         733.5827   781.5870   6.5438     % 
branching on 2    2
326113 318789 35         733.5829   781.5870   6.5438     % 
branching on 2    1
326114 318790 35         733.5829   781.5870   6.5438     % 
branching on 2    1
326115 318791 41         733.5829   781.5870   6.5438     % 
branching on 2    1
326116 318792 41         733.5829   781.5870   6.5438     % 
branching on 2    1
326117 318793 41         733.5831   781.5870   6.5438     % 
branching on 2    1
326118 318794 41         733.5831   781.5870   6.5438     % 
branching on 2    1
326119 318795 38         733.5831   781.5870   6.5438     % 
branching on 1    3
326120 318796 38         733.5831   781.5870   6.5438     % 
branching on 1    3
326121 318797 35         733.5831   781.5870   6.5438     % 
branching on 2    2
326122 318798 35         733.5831   781.5870   6.5438     % 
branching on 2    2
326123 318799 37         733.5833   781.5870   6.5437     % 
branching on 1    3
326124 318800 37         733.5833   781.5870   6.5437     % 
branching on 1    3
326125 318801 37         733.5836   781.5870   6.5437     % 
branching on 2    2
326126 318802 37         733.5836   781.5870   6.5437     % 
branching on 2    2
326127 318803 42         733.5836   781.5870   6.5437     % 
branching on 2    3
326128 318804 42         733.5836   781.5870   6.5437     % 
branching on 2    3
326129 318805 36         733.5836   781.5870   6.5437     % 
branching on 2    3
326130 318806 36         733.5836   781.5870   6.5437     % 
branching on 2    3
326131 318807 40         733.5836   781.5870   6.5437     % 
branching on 1    1
326132 318808 40         733.5836   781.5870   6.5437     % 
branching on 1    1
326133 318809 40         733.5839   781.5870   6.5437     % 
branching on 1    1
326134 318810 40         733.5839   781.5870   6.5437     % 
branching on 1    1
326135 318811 39         733.5839   781.5870   6.5436     % 
branching on 1    1
326136 318812 39         733.5839   781.5870   6.5436     % 
branching on 1    1
326137 318813 40         733.5839   781.5870   6.5436     % 
branching on 1    1
326138 318814 40         733.5839   781.5870   6.5436     % 
branching on 1    1
326139 318815 37         733.5840   781.5870   6.5436     % 
branching on 2    3
326140 318816 37         733.5840   781.5870   6.5436     % 
branching on 2    3
326141 318817 36         733.5841   781.5870   6.5436     % 
branching on 2    3
326142 318818 36         733.5841   781.5870   6.5436     % 
branching on 2    3
326143 318819 40         733.5841   781.5870   6.5436     % 
branching on 2    1
326144 318820 40         733.5841   781.5870   6.5436     % 
branching on 2    1
326145 318821 40         733.5842   781.5870   6.5436     % 
branching on 1    1
326146 318822 40         733.5842   781.5870   6.5436     % 
branching on 1    1
326147 318823 38         733.5845   781.5870   6.5436     % 
branching on 1    3
326148 318824 38         733.5845   781.5870   6.5436     % 
branching on 1    3
326149 318825 37         733.5846   781.5870   6.5435     % 
branching on 2    2
326150 318826 37         733.5846   781.5870   6.5435     % 
branching on 2    2
326151 318827 40         733.5846   781.5870   6.5435     % 
branching on 1    1
326152 318828 40         733.5846   781.5870   6.5435     % 
branching on 1    1
326153 318829 36         733.5846   781.5870   6.5435     % 
branching on 2    3
326154 318830 36         733.5846   781.5870   6.5435     % 
branching on 2    3
326155 318831 34         733.5847   781.5870   6.5435     % 
branching on 1    1
326156 318832 34         733.5847   781.5870   6.5435     % 
branching on 1    1
326157 318833 37         733.5848   781.5870   6.5435     % 
branching on 2    2
326158 318834 37         733.5848   781.5870   6.5435     % 
branching on 2    2
326159 318835 33         733.5848   781.5870   6.5435     % 
branching on 1    2
326160 318836 33         733.5848   781.5870   6.5435     % 
branching on 1    2
326161 318837 40         733.5849   781.5870   6.5435     % 
branching on 1    1
326162 318838 40         733.5849   781.5870   6.5435     % 
branching on 1    1
326163 318839 35         733.5849   781.5870   6.5435     % 
branching on 2    3
326164 318840 35         733.5849   781.5870   6.5435     % 
branching on 2    3
326165 318841 36         733.5849   781.5870   6.5435     % 
branching on 2    3
326166 318842 36         733.5849   781.5870   6.5435     % 
branching on 2    3
326167 318843 39         733.5851   781.5870   6.5435     % 
branching on 1    2
326168 318844 39         733.5851   781.5870   6.5435     % 
branching on 1    2
326169 318845 40         733.5851   781.5870   6.5435     % 
branching on 1    1
326170 318846 40         733.5851   781.5870   6.5435     % 
branching on 1    1
326171 318847 41         733.5851   781.5870   6.5435     % 
branching on 2    1
326172 318848 41         733.5851   781.5870   6.5435     % 
branching on 2    1
326173 318849 36         733.5851   781.5870   6.5435     % 
branching on 2    3
326174 318850 36         733.5851   781.5870   6.5435     % 
branching on 2    3
326175 318851 38         733.5852   781.5870   6.5435     % 
branching on 1    3
326176 318852 38         733.5852   781.5870   6.5435     % 
branching on 1    3
326177 318853 29         733.5853   781.5870   6.5434     % 
branching on 2    3
326178 318854 29         733.5853   781.5870   6.5434     % 
branching on 2    3
326179 318855 28         733.5853   781.5870   6.5434     % 
326180 318854 28         733.5853   781.5870   6.5434     % 
branching on 1    1
326181 318855 40         733.5853   781.5870   6.5434     % 
branching on 1    1
326182 318856 40         733.5853   781.5870   6.5434     % 
branching on 1    1
326183 318857 31         733.5854   781.5870   6.5434     % 
branching on 1    3
326184 318858 31         733.5854   781.5870   6.5434     % 
branching on 1    3
326185 318859 40         733.5854   781.5870   6.5434     % 
branching on 1    1
326186 318860 40         733.5854   781.5870   6.5434     % 
branching on 1    1
326187 318861 36         733.5855   781.5870   6.5434     % 
branching on 2    3
326188 318862 36         733.5855   781.5870   6.5434     % 
branching on 2    3
326189 318863 36         733.5857   781.5870   6.5434     % 
branching on 2    3
326190 318864 36         733.5857   781.5870   6.5434     % 
branching on 2    3
326191 318865 39         733.5859   781.5870   6.5434     % 
branching on 1    2
326192 318866 39         733.5859   781.5870   6.5434     % 
branching on 1    2
326193 318867 39         733.5861   781.5870   6.5433     % 
branching on 1    2
326194 318868 39         733.5861   781.5870   6.5433     % 
branching on 1    2
326195 318869 37         733.5861   781.5870   6.5433     % 
branching on 2    2
326196 318870 37         733.5861   781.5870   6.5433     % 
branching on 2    2
326197 318871 39         733.5862   781.5870   6.5433     % 
branching on 1    2
326198 318872 39         733.5862   781.5870   6.5433     % 
branching on 1    2
326199 318873 34         733.5863   781.5870   6.5433     % 
branching on 1    1
326200 318874 34         733.5863   781.5870   6.5433     % 
branching on 1    1
326201 318875 34         733.5865   781.5870   6.5433     % 
branching on 1    1
326202 318876 34         733.5865   781.5870   6.5433     % 
branching on 1    1
326203 318877 39         733.5865   781.5870   6.5433     % 
branching on 1    2
326204 318878 39         733.5865   781.5870   6.5433     % 
branching on 1    2
326205 318879 36         733.5865   781.5870   6.5433     % 
branching on 2    2
326206 318880 36         733.5865   781.5870   6.5433     % 
branching on 2    2
326207 318881 38         733.5866   781.5870   6.5433     % 
branching on 1    3
326208 318882 38         733.5866   781.5870   6.5433     % 
branching on 1    3
326209 318883 39         733.5866   781.5870   6.5432     % 
branching on 1    2
326210 318884 39         733.5866   781.5870   6.5432     % 
branching on 1    2
326211 318885 39         733.5868   781.5870   6.5432     % 
branching on 1    1
326212 318886 39         733.5868   781.5870   6.5432     % 
branching on 1    1
326213 318887 35         733.5868   781.5870   6.5432     % 
branching on 2    2
326214 318888 35         733.5868   781.5870   6.5432     % 
branching on 2    2
326215 318889 42         733.5873   781.5870   6.5431     % 
branching on 2    3
326216 318890 42         733.5873   781.5870   6.5431     % 
branching on 2    3
326217 318891 36         733.5875   781.5870   6.5431     % 
branching on 2    2
326218 318892 36         733.5875   781.5870   6.5431     % 
branching on 2    2
326219 318893 36         733.5875   781.5870   6.5431     % 
branching on 2    2
326220 318894 36         733.5875   781.5870   6.5431     % 
branching on 2    2
326221 318895 38         733.5876   781.5870   6.5431     % 
branching on 1    2
326222 318896 38         733.5876   781.5870   6.5431     % 
branching on 1    2
326223 318897 40         733.5876   781.5870   6.5431     % 
branching on 1    1
326224 318898 40         733.5876   781.5870   6.5431     % 
branching on 1    1
326225 318899 40         733.5878   781.5870   6.5431     % 
branching on 2    1
326226 318900 40         733.5878   781.5870   6.5431     % 
branching on 2    1
326227 318901 37         733.5879   781.5870   6.5431     % 
branching on 2    3
326228 318902 37         733.5879   781.5870   6.5431     % 
branching on 2    3
326229 318903 40         733.5880   781.5870   6.5430     % 
branching on 1    1
326230 318904 40         733.5880   781.5870   6.5430     % 
branching on 1    1
326231 318905 38         733.5880   781.5870   6.5430     % 
branching on 1    2
326232 318906 38         733.5880   781.5870   6.5430     % 
branching on 1    2
326233 318907 36         733.5883   781.5870   6.5430     % 
branching on 2    3
326234 318908 36         733.5883   781.5870   6.5430     % 
branching on 2    3
326235 318909 40         733.5883   781.5870   6.5430     % 
branching on 1    1
326236 318910 40         733.5883   781.5870   6.5430     % 
branching on 1    1
326237 318911 33         733.5884   781.5870   6.5430     % 
branching on 1    1
326238 318912 33         733.5884   781.5870   6.5430     % 
branching on 1    1
326239 318913 42         733.5884   781.5870   6.5430     % 
branching on 2    3
326240 318914 42         733.5884   781.5870   6.5430     % 
branching on 2    3
326241 318915 38         733.5884   781.5870   6.5430     % 
branching on 1    3
326242 318916 38         733.5884   781.5870   6.5430     % 
branching on 1    3
326243 318917 40         733.5886   781.5870   6.5430     % 
branching on 1    1
326244 318918 40         733.5886   781.5870   6.5430     % 
branching on 1    1
326245 318919 38         733.5888   781.5870   6.5429     % 
branching on 1    3
326246 318920 38         733.5888   781.5870   6.5429     % 
branching on 1    3
326247 318921 41         733.5889   781.5870   6.5429     % 
branching on 2    1
326248 318922 41         733.5889   781.5870   6.5429     % 
branching on 2    1
326249 318923 39         733.5892   781.5870   6.5429     % 
branching on 1    2
326250 318924 39         733.5892   781.5870   6.5429     % 
branching on 1    2
326251 318925 39         733.5894   781.5870   6.5428     % 
branching on 1    2
326252 318926 39         733.5894   781.5870   6.5428     % 
branching on 1    2
326253 318927 41         733.5894   781.5870   6.5428     % 
branching on 2    1
326254 318928 41         733.5894   781.5870   6.5428     % 
branching on 2    1
326255 318929 32         733.5896   781.5870   6.5428     % 
branching on 1    2
326256 318930 32         733.5896   781.5870   6.5428     % 
branching on 1    2
326257 318931 40         733.5896   781.5870   6.5428     % 
branching on 1    1
326258 318932 40         733.5896   781.5870   6.5428     % 
branching on 1    1
326259 318933 39         733.5897   781.5870   6.5428     % 
branching on 1    2
326260 318934 39         733.5897   781.5870   6.5428     % 
branching on 1    2
326261 318935 41         733.5901   781.5870   6.5427     % 
branching on 2    1
326262 318936 41         733.5901   781.5870   6.5427     % 
branching on 2    1
326263 318937 40         733.5901   781.5870   6.5427     % 
branching on 1    1
326264 318938 40         733.5901   781.5870   6.5427     % 
branching on 1    1
326265 318939 39         733.5901   781.5870   6.5427     % 
branching on 1    2
326266 318940 39         733.5901   781.5870   6.5427     % 
branching on 1    2
326267 318941 38         733.5902   781.5870   6.5427     % 
branching on 1    3
326268 318942 38         733.5902   781.5870   6.5427     % 
branching on 1    3
326269 318943 36         733.5903   781.5870   6.5427     % 
branching on 2    2
326270 318944 36         733.5903   781.5870   6.5427     % 
branching on 2    2
326271 318945 39         733.5904   781.5870   6.5427     % 
branching on 1    2
326272 318946 39         733.5904   781.5870   6.5427     % 
branching on 1    2
326273 318947 38         733.5910   781.5870   6.5426     % 
branching on 1    2
326274 318948 38         733.5910   781.5870   6.5426     % 
branching on 1    2
326275 318949 42         733.5911   781.5870   6.5426     % 
solved nodes:  326275
326275                                                7.3359e+02     7.8159e+02     6.5426  % 
centers   [7.610958859937048 14.533220965697488 2.135622240272239; 18.9779688275519 4.174264110390144 13.117620213034753]
Toy-3-50:       1705.72 14405.76        6.5426% 326276

C:\Users\Joshua\Documents\global_kmeans>