branching on 1 0
97721  97721  27     671.3646       842.4115       20.3044    %
branching on 1 0
97722  97722  24     671.3652       842.4115       20.3044    %
branching on 0 0
97723  97723  24     671.3652       842.4115       20.3044    %
branching on 0 0
97724  97724  24     671.3652       842.4115       20.3044    %
branching on 0 0
97725  97725  24     671.3652       842.4115       20.3044    %
branching on 0 0
97726  97726  24     671.3652       842.4115       20.3044    %
branching on 0 0
97727  97727  24     671.3652       842.4115       20.3044    %
branching on 0 0
97728  97728  23     671.3654       842.4115       20.3043    %
branching on 1 0
97729  97729  23     671.3654       842.4115       20.3043    %
branching on 1 1
97730  97730  23     671.3654       842.4115       20.3043    %
branching on 1 2
97731  97731  23     671.3654       842.4115       20.3043    %
branching on 1 0
97732  97732  23     671.3654       842.4115       20.3043    %
branching on 1 1
97733  97733  23     671.3654       842.4115       20.3043    %
branching on 1 2
97734  97734  23     671.3655       842.4115       20.3043    %
branching on 1 2
97735  97735  23     671.3655       842.4115       20.3043    %
branching on 1 2
97736  97736  22     671.3660       842.4115       20.3043    %
branching on 1 1
97737  97737  22     671.3660       842.4115       20.3043    %
branching on 1 1
97738  97738  23     671.3697       842.4115       20.3038    %
branching on 1 2
97739  97739  23     671.3697       842.4115       20.3038    %
branching on 1 2
97740  97740  23     671.3708       842.4115       20.3037    %
branching on 1 2
97741  97741  23     671.3708       842.4115       20.3037    %
branching on 1 0
97742  97742  23     671.3708       842.4115       20.3037    %
branching on 1 1
97743  97743  23     671.3708       842.4115       20.3037    %
branching on 1 1
97744  97744  23     671.3708       842.4115       20.3037    %
branching on 1 2
97745  97745  23     671.3708       842.4115       20.3037    %
branching on 1 0
97746  97746  27     671.3713       842.4115       20.3036    %
branching on 1 0
97747  97747  27     671.3713       842.4115       20.3036    %
branching on 1 0
97748  97748  27     671.3713       842.4115       20.3036    %
branching on 1 0
97749  97749  27     671.3713       842.4115       20.3036    %
branching on 1 0
97750  97750  27     671.3713       842.4115       20.3036    %
branching on 1 0
97751  97751  27     671.3713       842.4115       20.3036    %
branching on 1 0
97752  97752  25     671.3714       842.4115       20.3036    %
branching on 0 1
97753  97753  25     671.3714       842.4115       20.3036    %
branching on 0 1
97754  97754  24     671.3723       842.4115       20.3035    %
branching on 0 0
97755  97755  24     671.3723       842.4115       20.3035    %
branching on 0 0
97756  97756  24     671.3723       842.4115       20.3035    %
branching on 0 0
97757  97757  24     671.3723       842.4115       20.3035    %
branching on 0 0
97758  97758  24     671.3723       842.4115       20.3035    %
branching on 0 0
97759  97759  24     671.3723       842.4115       20.3035    %
branching on 0 0
97760  97760  28     671.3733       842.4115       20.3034    %
branching on 1 1
97761  97761  28     671.3733       842.4115       20.3034    %
branching on 1 1
97762  97762  16     671.3741       842.4115       20.3033    %
branching on 1 1
97763  97763  16     671.3741       842.4115       20.3033    %
branching on 1 1
97764  97764  28     671.3754       842.4115       20.3032    %
branching on 1 1
97765  97765  28     671.3754       842.4115       20.3032    %
branching on 1 1
97766  97766  24     671.3764       842.4115       20.3030    %
branching on 0 0
97767  97767  24     671.3764       842.4115       20.3030    %
branching on 0 0
97768  97768  24     671.3764       842.4115       20.3030    %
branching on 0 0
97769  97769  24     671.3764       842.4115       20.3030    %
branching on 0 0
97770  97770  24     671.3764       842.4115       20.3030    %
branching on 0 0
97771  97771  24     671.3764       842.4115       20.3030    %
branching on 0 0
97772  97772  18     671.3794       842.4115       20.3027    %
branching on 0 2
97773  97773  18     671.3794       842.4115       20.3027    %
branching on 0 1
97774  97774  18     671.3794       842.4115       20.3027    %
branching on 0 2
97775  97775  18     671.3794       842.4115       20.3027    %
branching on 0 0
97776  97776  18     671.3794       842.4115       20.3027    %
branching on 0 1
97777  97777  18     671.3794       842.4115       20.3027    %
branching on 0 0
97778  97778  24     671.3799       842.4115       20.3026    %
branching on 0 0
97779  97779  24     671.3799       842.4115       20.3026    %
branching on 0 1
97780  97780  24     671.3799       842.4115       20.3026    %
branching on 0 2
97781  97781  24     671.3799       842.4115       20.3026    %
branching on 0 0
97782  97782  24     671.3799       842.4115       20.3026    %
branching on 0 1
97783  97783  24     671.3799       842.4115       20.3026    %
branching on 0 2
97784  97784  22     671.3805       842.4115       20.3025    %
branching on 1 1
97785  97785  22     671.3805       842.4115       20.3025    %
branching on 1 2
97786  97786  22     671.3805       842.4115       20.3025    %
branching on 1 2
97787  97787  24     671.3816       842.4115       20.3024    %
branching on 0 0
97788  97788  24     671.3816       842.4115       20.3024    %
branching on 0 0
97789  97789  24     671.3816       842.4115       20.3024    %
branching on 0 0
97790  97790  24     671.3816       842.4115       20.3024    %
branching on 0 0
97791  97791  24     671.3816       842.4115       20.3024    %
branching on 0 0
97792  97792  24     671.3816       842.4115       20.3024    %
branching on 0 0
97793  97793  19     671.3821       842.4115       20.3024    %
branching on 0 2
97794  97794  19     671.3821       842.4115       20.3024    %
branching on 0 1
97795  97795  19     671.3821       842.4115       20.3024    %
branching on 0 2
97796  97796  26     671.3827       842.4115       20.3023    %
branching on 0 2
97797  97797  26     671.3827       842.4115       20.3023    %
branching on 0 2
97798  97798  26     671.3894       842.4115       20.3015    %
branching on 0 2
97799  97799  26     671.3894       842.4115       20.3015    %
branching on 0 2
97800  97800  29     671.3903       842.4115       20.3014    %
branching on 1 2
97801  97801  29     671.3903       842.4115       20.3014    %
branching on 1 2
97802  97802  26     671.3932       842.4115       20.3010    %
branching on 0 2
97803  97803  26     671.3932       842.4115       20.3010    %
branching on 0 2
97804  97804  26     671.3934       842.4115       20.3010    %
branching on 0 2
97805  97805  26     671.3934       842.4115       20.3010    %
branching on 0 2
97806  97806  29     671.3940       842.4115       20.3009    %
branching on 1 2
97807  97807  29     671.3940       842.4115       20.3009    %
branching on 1 2
97808  97808  25     671.3949       842.4115       20.3008    %
branching on 0 1
97809  97809  25     671.3949       842.4115       20.3008    %
branching on 0 1
97810  97810  21     671.3963       842.4115       20.3007    %
branching on 1 0
97811  97811  21     671.3963       842.4115       20.3007    %
branching on 1 0
97812  97812  21     671.3963       842.4115       20.3007    %
branching on 1 0
97813  97813  21     671.3963       842.4115       20.3007    %
branching on 1 0
97814  97814  21     671.3963       842.4115       20.3007    %
branching on 1 0
97815  97815  21     671.3963       842.4115       20.3007    %
branching on 1 0
97816  97816  25     671.3999       842.4115       20.3002    %
branching on 0 2
97817  97817  25     671.3999       842.4115       20.3002    %
branching on 0 1
97818  97818  25     671.3999       842.4115       20.3002    %
branching on 0 2
97819  97819  23     671.4004       842.4115       20.3002    %
branching on 1 2
97820  97820  23     671.4004       842.4115       20.3002    %
branching on 1 2
97821  97821  30     671.4009       842.4115       20.3001    %
branching on 0 0
97822  97822  30     671.4009       842.4115       20.3001    %
branching on 0 1
97823  97823  30     671.4009       842.4115       20.3001    %
branching on 0 0
97824  97824  30     671.4009       842.4115       20.3001    %
branching on 0 1
97825  97825  30     671.4009       842.4115       20.3001    %
branching on 0 2
97826  97826  30     671.4009       842.4115       20.3001    %
branching on 0 2
97827  97827  26     671.4032       842.4115       20.2999    %
branching on 0 1
97828  97828  26     671.4032       842.4115       20.2999    %
branching on 0 2
97829  97829  26     671.4032       842.4115       20.2999    %
branching on 0 2
97830  97830  15     671.4036       842.4115       20.2998    %
branching on 1 2
97831  97831  15     671.4036       842.4115       20.2998    %
branching on 1 2
97832  97832  15     671.4036       842.4115       20.2998    %
branching on 1 1
97833  97833  15     671.4036       842.4115       20.2998    %
branching on 1 1
97834  97834  15     671.4036       842.4115       20.2998    %
branching on 1 0
97835  97835  15     671.4036       842.4115       20.2998    %
branching on 1 0
97836  97836  28     671.4052       842.4115       20.2996    %
branching on 1 1
97837  97837  28     671.4052       842.4115       20.2996    %
branching on 1 1
97838  97838  28     671.4073       842.4115       20.2994    %
branching on 1 1
97839  97839  28     671.4073       842.4115       20.2994    %
branching on 1 1
97840  97840  22     671.4074       842.4115       20.2994    %
branching on 1 2
97841  97841  22     671.4074       842.4115       20.2994    %
branching on 1 2
97842  97842  22     671.4074       842.4115       20.2994    %
branching on 1 1
97843  97843  22     671.4105       842.4115       20.2990    %
branching on 1 1
97844  97844  22     671.4105       842.4115       20.2990    %
branching on 1 1
97845  97845  22     671.4134       842.4115       20.2986    %
branching on 1 1
97846  97846  22     671.4134       842.4115       20.2986    %
branching on 1 2
97847  97847  22     671.4134       842.4115       20.2986    %
branching on 1 2
97848  97848  22     671.4136       842.4115       20.2986    %
branching on 1 2
97849  97849  22     671.4136       842.4115       20.2986    %
branching on 1 1
97850  97850  22     671.4136       842.4115       20.2986    %
branching on 1 2
97851  97851  26     671.4143       842.4115       20.2985    %
branching on 0 2
97852  97852  26     671.4143       842.4115       20.2985    %
branching on 0 2
97853  97853  16     671.4148       842.4115       20.2985    %
branching on 1 1
97854  97854  16     671.4148       842.4115       20.2985    %
branching on 1 1
97855  97855  15     671.4170       842.4115       20.2982    %
branching on 1 0
97856  97856  15     671.4170       842.4115       20.2982    %
branching on 1 0
97857  97857  15     671.4170       842.4115       20.2982    %
branching on 1 0
97858  97858  15     671.4170       842.4115       20.2982    %
branching on 1 1
97859  97859  15     671.4170       842.4115       20.2982    %
branching on 1 0
97860  97860  15     671.4170       842.4115       20.2982    %
branching on 1 1
97861  97861  19     671.4237       842.4115       20.2974    %
branching on 0 1
97862  97862  19     671.4237       842.4115       20.2974    %
branching on 0 1
97863  97863  28     671.4249       842.4115       20.2973    %
branching on 1 1
97864  97864  28     671.4249       842.4115       20.2973    %
branching on 1 1
97865  97865  22     671.4251       842.4115       20.2973    %
branching on 1 1
97866  97866  22     671.4251       842.4115       20.2973    %
branching on 1 2
97867  97867  22     671.4251       842.4115       20.2973    %
branching on 1 2
97868  97868  25     671.4261       842.4115       20.2971    %
branching on 0 1
97869  97869  25     671.4261       842.4115       20.2971    %
branching on 0 1
97870  97870  22     671.4289       842.4115       20.2968    %
branching on 1 1
97871  97871  22     671.4289       842.4115       20.2968    %
branching on 1 2
97872  97872  22     671.4289       842.4115       20.2968    %
branching on 1 2
97873  97873  26     671.4304       842.4115       20.2966    %
branching on 0 2
97874  97874  26     671.4304       842.4115       20.2966    %
branching on 0 2
97875  97875  29     671.4329       842.4115       20.2963    %
branching on 1 2
97876  97876  29     671.4329       842.4115       20.2963    %
branching on 1 2
97877  97877  26     671.4331       842.4115       20.2963    %
branching on 0 2
97878  97878  26     671.4331       842.4115       20.2963    %
branching on 0 2
97879  97879  26     671.4331       842.4115       20.2963    %
branching on 0 1
97880  97880  27     671.4353       842.4115       20.2960    %
branching on 1 0
97881  97881  27     671.4353       842.4115       20.2960    %
branching on 1 0
97882  97882  27     671.4353       842.4115       20.2960    %
branching on 1 0
97883  97883  27     671.4353       842.4115       20.2960    %
branching on 1 0
97884  97884  27     671.4353       842.4115       20.2960    %
branching on 1 0
97885  97885  27     671.4353       842.4115       20.2960    %
branching on 1 0
97886  97886  29     671.4355       842.4115       20.2960    %
branching on 1 2
97887  97887  29     671.4355       842.4115       20.2960    %
branching on 1 2
97888  97888  20     671.4361       842.4115       20.2959    %
branching on 0 2
97889  97889  20     671.4361       842.4115       20.2959    %
branching on 0 2
97890  97890  20     671.4361       842.4115       20.2959    %
branching on 0 1
97891  97891  20     671.4361       842.4115       20.2959    %
branching on 0 1
97892  97892  20     671.4361       842.4115       20.2959    %
branching on 0 0
97893  97893  20     671.4361       842.4115       20.2959    %
branching on 0 0
97894  97894  28     671.4374       842.4115       20.2958    %
branching on 1 1
97895  97895  28     671.4374       842.4115       20.2958    %
branching on 1 1
97896  97896  23     671.4377       842.4115       20.2958    %
branching on 1 2
97897  97897  23     671.4377       842.4115       20.2958    %
branching on 1 1
97898  97898  23     671.4377       842.4115       20.2958    %
branching on 1 2
97899  97899  27     671.4399       842.4115       20.2955    %
branching on 1 0
97900  97900  27     671.4399       842.4115       20.2955    %
branching on 1 0
97901  97901  27     671.4399       842.4115       20.2955    %
branching on 1 0
97902  97902  27     671.4399       842.4115       20.2955    %
branching on 1 0
97903  97903  27     671.4399       842.4115       20.2955    %
branching on 1 0
97904  97904  27     671.4399       842.4115       20.2955    %
branching on 1 0
97905  97905  26     671.4405       842.4115       20.2954    %
branching on 0 2
97906  97906  26     671.4405       842.4115       20.2954    %
branching on 0 2
97907  97907  25     671.4407       842.4115       20.2954    %
branching on 0 1
97908  97908  25     671.4407       842.4115       20.2954    %
branching on 0 0
97909  97909  25     671.4407       842.4115       20.2954    %
branching on 0 1
97910  97910  25     671.4407       842.4115       20.2954    %
branching on 0 0
97911  97911  25     671.4407       842.4115       20.2954    %
branching on 0 0
97912  97912  25     671.4407       842.4115       20.2954    %
branching on 0 0
97913  97913  24     671.4414       842.4115       20.2953    %
branching on 0 0
97914  97914  24     671.4414       842.4115       20.2953    %
branching on 0 0
97915  97915  24     671.4414       842.4115       20.2953    %
branching on 0 0
97916  97916  24     671.4414       842.4115       20.2953    %
branching on 0 0
97917  97917  24     671.4414       842.4115       20.2953    %
branching on 0 0
97918  97918  24     671.4414       842.4115       20.2953    %
branching on 0 0
97919  97919  26     671.4418       842.4115       20.2953    %
branching on 0 2
97920  97920  26     671.4418       842.4115       20.2953    %
branching on 0 2
97921  97921  26     671.4421       842.4115       20.2952    %
branching on 0 2
97922  97922  26     671.4421       842.4115       20.2952    %
branching on 0 2
97923  97923  23     671.4422       842.4115       20.2952    %
branching on 1 2
97924  97924  23     671.4422       842.4115       20.2952    %
branching on 1 2
97925  97925  26     671.4436       842.4115       20.2951    %
branching on 0 2
97926  97926  26     671.4436       842.4115       20.2951    %
branching on 0 2
97927  97927  27     671.4456       842.4115       20.2948    %
branching on 1 0
97928  97928  27     671.4456       842.4115       20.2948    %
branching on 1 0
97929  97929  27     671.4456       842.4115       20.2948    %
branching on 1 0
97930  97930  27     671.4456       842.4115       20.2948    %
branching on 1 0
97931  97931  27     671.4456       842.4115       20.2948    %
branching on 1 0
97932  97932  27     671.4456       842.4115       20.2948    %
branching on 1 0
97933  97933  24     671.4465       842.4115       20.2947    %
branching on 0 0
97934  97934  24     671.4465       842.4115       20.2947    %
branching on 0 0
97935  97935  24     671.4465       842.4115       20.2947    %
branching on 0 0
97936  97936  24     671.4465       842.4115       20.2947    %
branching on 0 1
97937  97937  24     671.4465       842.4115       20.2947    %
branching on 0 0
97938  97938  24     671.4465       842.4115       20.2947    %
branching on 0 1
97939  97939  22     671.4476       842.4115       20.2946    %
branching on 1 1
97940  97940  22     671.4476       842.4115       20.2946    %
branching on 1 1
97941  97941  23     671.4476       842.4115       20.2946    %
branching on 1 2
97942  97942  23     671.4476       842.4115       20.2946    %
branching on 1 2
97943  97943  24     671.4500       842.4115       20.2943    %
branching on 0 0
97944  97944  24     671.4500       842.4115       20.2943    %
branching on 0 0
97945  97945  24     671.4500       842.4115       20.2943    %
branching on 0 0
97946  97946  24     671.4500       842.4115       20.2943    %
branching on 0 0
97947  97947  24     671.4500       842.4115       20.2943    %
branching on 0 0
97948  97948  24     671.4500       842.4115       20.2943    %
branching on 0 0
97949  97949  28     671.4515       842.4115       20.2941    %
branching on 1 1
97950  97950  28     671.4515       842.4115       20.2941    %
branching on 1 1
97951  97951  20     671.4542       842.4115       20.2938    %
branching on 0 2
97952  97952  20     671.4542       842.4115       20.2938    %
branching on 0 2
97953  97953  24     671.4555       842.4115       20.2936    %
branching on 0 0
97954  97954  24     671.4555       842.4115       20.2936    %
branching on 0 0
97955  97955  24     671.4555       842.4115       20.2936    %
branching on 0 1
97956  97956  24     671.4555       842.4115       20.2936    %
branching on 0 1
97957  97957  24     671.4555       842.4115       20.2936    %
branching on 0 2
97958  97958  24     671.4555       842.4115       20.2936    %
branching on 0 2
97959  97959  26     671.4570       842.4115       20.2935    %
branching on 0 2
97960  97960  26     671.4570       842.4115       20.2935    %
branching on 0 2
97961  97961  21     671.4577       842.4115       20.2934    %
branching on 1 0
97962  97962  21     671.4577       842.4115       20.2934    %
branching on 1 0
97963  97963  21     671.4577       842.4115       20.2934    %
branching on 1 0
97964  97964  21     671.4577       842.4115       20.2934    %
branching on 1 0
97965  97965  21     671.4577       842.4115       20.2934    %
branching on 1 0
97966  97966  21     671.4577       842.4115       20.2934    %
branching on 1 0
97967  97967  27     671.4601       842.4115       20.2931    %
branching on 1 0
97968  97968  27     671.4601       842.4115       20.2931    %
branching on 1 0
97969  97969  27     671.4601       842.4115       20.2931    %
branching on 1 0
97970  97970  27     671.4601       842.4115       20.2931    %
branching on 1 0
97971  97971  27     671.4601       842.4115       20.2931    %
branching on 1 0
97972  97972  27     671.4601       842.4115       20.2931    %
branching on 1 0
97973  97973  25     671.4634       842.4115       20.2927    %
branching on 0 1
97974  97974  25     671.4634       842.4115       20.2927    %
branching on 0 0
97975  97975  25     671.4634       842.4115       20.2927    %
branching on 0 1
97976  97976  25     671.4634       842.4115       20.2927    %
branching on 0 0
97977  97977  25     671.4634       842.4115       20.2927    %
branching on 0 0
97978  97978  25     671.4634       842.4115       20.2927    %
branching on 0 0
97979  97979  24     671.4659       842.4115       20.2924    %
branching on 0 0
97980  97980  24     671.4659       842.4115       20.2924    %
branching on 0 0
97981  97981  24     671.4659       842.4115       20.2924    %
branching on 0 0
97982  97982  24     671.4659       842.4115       20.2924    %
branching on 0 0
97983  97983  24     671.4659       842.4115       20.2924    %
branching on 0 0
97984  97984  24     671.4659       842.4115       20.2924    %
branching on 0 0
97985  97985  28     671.4663       842.4115       20.2924    %
branching on 1 1
97986  97986  28     671.4663       842.4115       20.2924    %
branching on 1 1
97987  97987  20     671.4671       842.4115       20.2923    %
branching on 0 2
97988  97988  20     671.4671       842.4115       20.2923    %
branching on 0 2
97989  97989  28     671.4740       842.4115       20.2914    %
branching on 1 1
97990  97990  28     671.4740       842.4115       20.2914    %
branching on 1 1
97991  97991  27     671.4751       842.4115       20.2913    %
branching on 1 0
97992  97992  27     671.4751       842.4115       20.2913    %
branching on 1 0
97993  97993  27     671.4751       842.4115       20.2913    %
branching on 1 0
97994  97994  27     671.4751       842.4115       20.2913    %
branching on 1 0
97995  97995  27     671.4751       842.4115       20.2913    %
branching on 1 0
97996  97996  27     671.4751       842.4115       20.2913    %
branching on 1 0
97997  97997  25     671.4753       842.4115       20.2913    %
branching on 0 1
97998  97998  25     671.4753       842.4115       20.2913    %
branching on 0 1
97999  97999  24     671.4774       842.4115       20.2910    %
branching on 0 0
98000  98000  24     671.4774       842.4115       20.2910    %
branching on 0 0
98001  98001  24     671.4774       842.4115       20.2910    %
branching on 0 0
98002  98002  24     671.4774       842.4115       20.2910    %
branching on 0 0
98003  98003  24     671.4774       842.4115       20.2910    %
branching on 0 0
98004  98004  24     671.4774       842.4115       20.2910    %
branching on 0 0
98005  98005  15     671.4780       842.4115       20.2910    %
branching on 1 0
98006  98006  15     671.4780       842.4115       20.2910    %
branching on 1 0
98007  98007  15     671.4780       842.4115       20.2910    %
branching on 1 1
98008  98008  15     671.4780       842.4115       20.2910    %
branching on 1 1
98009  98009  15     671.4780       842.4115       20.2910    %
branching on 1 2
98010  98010  15     671.4780       842.4115       20.2910    %
branching on 1 2
98011  98011  16     671.4780       842.4115       20.2910    %
branching on 1 1
98012  98012  16     671.4780       842.4115       20.2910    %
branching on 1 2
98013  98013  16     671.4780       842.4115       20.2910    %
branching on 1 2
98014  98014  16     671.4780       842.4115       20.2910    %
branching on 1 0
98015  98015  16     671.4780       842.4115       20.2910    %
branching on 1 0
98016  98016  16     671.4780       842.4115       20.2910    %
branching on 1 1
98017  98017  20     671.4819       842.4115       20.2905    %
branching on 0 2
98018  98018  20     671.4819       842.4115       20.2905    %
branching on 0 2
98019  98019  20     671.4819       842.4115       20.2905    %
branching on 0 1
98020  98020  23     671.4830       842.4115       20.2904    %
branching on 1 2
98021  98021  23     671.4830       842.4115       20.2904    %
branching on 1 2
98022  98022  28     671.4842       842.4115       20.2902    %
branching on 1 1
98023  98023  28     671.4842       842.4115       20.2902    %
branching on 1 1
98024  98024  28     671.4843       842.4115       20.2902    %
branching on 1 1
98025  98025  28     671.4843       842.4115       20.2902    %
branching on 1 1
98026  98026  26     671.4851       842.4115       20.2901    %
branching on 0 2
98027  98027  26     671.4851       842.4115       20.2901    %
branching on 0 2
98028  98028  26     671.4851       842.4115       20.2901    %
branching on 0 1
98029  98029  25     671.4876       842.4115       20.2898    %
branching on 0 1
98030  98030  25     671.4876       842.4115       20.2898    %
branching on 0 1
98031  98031  18     671.4924       842.4115       20.2893    %
branching on 0 0
98032  98032  18     671.4924       842.4115       20.2893    %
branching on 0 1
98033  98033  18     671.4924       842.4115       20.2893    %
branching on 0 2
98034  98034  18     671.4924       842.4115       20.2893    %
branching on 0 0
98035  98035  18     671.4924       842.4115       20.2893    %
branching on 0 1
98036  98036  18     671.4924       842.4115       20.2893    %
branching on 0 2
98037  98037  20     671.4926       842.4115       20.2892    %
branching on 0 2
98038  98038  20     671.4926       842.4115       20.2892    %
branching on 0 2
98039  98039  20     671.4926       842.4115       20.2892    %
branching on 0 1
98040  98040  25     671.4936       842.4115       20.2891    %
branching on 0 1
98041  98041  25     671.4936       842.4115       20.2891    %
branching on 0 1
98042  98042  29     671.4962       842.4115       20.2888    %
branching on 1 2
98043  98043  29     671.4962       842.4115       20.2888    %
branching on 1 2
98044  98044  25     671.4963       842.4115       20.2888    %
branching on 0 1
98045  98045  25     671.4963       842.4115       20.2888    %
branching on 0 1
98046  98046  28     671.4992       842.4115       20.2885    %
branching on 1 1
98047  98047  28     671.4992       842.4115       20.2885    %
branching on 1 1
98048  98048  26     671.5013       842.4115       20.2882    %
branching on 0 2
98049  98049  26     671.5013       842.4115       20.2882    %
branching on 0 2
98050  98050  26     671.5033       842.4115       20.2880    %
branching on 0 2
98051  98051  26     671.5033       842.4115       20.2880    %
branching on 0 2
98052  98052  26     671.5033       842.4115       20.2880    %
branching on 0 1
98053  98053  26     671.5056       842.4115       20.2877    %
branching on 0 2
98054  98054  26     671.5056       842.4115       20.2877    %
branching on 0 2
98055  98055  21     671.5129       842.4115       20.2868    %
branching on 1 1
98056  98056  21     671.5129       842.4115       20.2868    %
branching on 1 2
98057  98057  21     671.5129       842.4115       20.2868    %
branching on 1 0
98058  98058  21     671.5129       842.4115       20.2868    %
branching on 1 2
98059  98059  21     671.5129       842.4115       20.2868    %
branching on 1 0
98060  98060  21     671.5129       842.4115       20.2868    %
branching on 1 1
98061  98061  25     671.5147       842.4115       20.2866    %
branching on 0 1
98062  98062  25     671.5147       842.4115       20.2866    %
branching on 0 1
98063  98063  29     671.5150       842.4115       20.2866    %
branching on 1 2
98064  98064  29     671.5150       842.4115       20.2866    %
branching on 1 2
98065  98065  26     671.5162       842.4115       20.2864    %
branching on 0 2
98066  98066  26     671.5162       842.4115       20.2864    %
branching on 0 2
98067  98067  25     671.5166       842.4115       20.2864    %
branching on 0 1
98068  98068  25     671.5166       842.4115       20.2864    %
branching on 0 1
98069  98069  25     671.5168       842.4115       20.2864    %
branching on 0 1
98070  98070  25     671.5168       842.4115       20.2864    %
branching on 0 1
98071  98071  23     671.5170       842.4115       20.2863    %
branching on 1 2
98072  98072  23     671.5170       842.4115       20.2863    %
branching on 1 2
98073  98073  27     671.5182       842.4115       20.2862    %
branching on 1 0
98074  98074  27     671.5182       842.4115       20.2862    %
branching on 1 0
98075  98075  27     671.5182       842.4115       20.2862    %
branching on 1 0
98076  98076  27     671.5182       842.4115       20.2862    %
branching on 1 0
98077  98077  27     671.5182       842.4115       20.2862    %
branching on 1 0
98078  98078  27     671.5182       842.4115       20.2862    %
branching on 1 0
98079  98079  23     671.5202       842.4115       20.2860    %
branching on 1 2
98080  98080  23     671.5202       842.4115       20.2860    %
branching on 1 2
98081  98081  26     671.5261       842.4115       20.2853    %
branching on 0 2
98082  98082  26     671.5261       842.4115       20.2853    %
branching on 0 2
98083  98083  26     671.5261       842.4115       20.2853    %
branching on 0 1
98084  98084  28     671.5333       842.4115       20.2844    %
branching on 1 1
98085  98085  28     671.5333       842.4115       20.2844    %
branching on 1 1
98086  98086  26     671.5391       842.4115       20.2837    %
branching on 0 2
98087  98087  26     671.5391       842.4115       20.2837    %
branching on 0 2
98088  98088  25     671.5414       842.4115       20.2834    %
branching on 0 1
98089  98089  25     671.5414       842.4115       20.2834    %
branching on 0 1
98090  98090  25     671.5414       842.4115       20.2834    %
branching on 0 0
98091  98091  25     671.5414       842.4115       20.2834    %
branching on 0 0
98092  98092  25     671.5414       842.4115       20.2834    %
branching on 0 0
98093  98093  25     671.5414       842.4115       20.2834    %
branching on 0 0
98094  98094  29     671.5442       842.4115       20.2831    %
branching on 1 2
98095  98095  29     671.5442       842.4115       20.2831    %
branching on 1 2
98096  98096  27     671.5462       842.4115       20.2829    %
branching on 1 0
98097  98097  27     671.5462       842.4115       20.2829    %
branching on 1 0
98098  98098  27     671.5462       842.4115       20.2829    %
branching on 1 0
98099  98099  27     671.5462       842.4115       20.2829    %
branching on 1 0
98100  98100  27     671.5462       842.4115       20.2829    %
branching on 1 0
98101  98101  27     671.5462       842.4115       20.2829    %
branching on 1 0
98102  98102  25     671.5467       842.4115       20.2828    %
branching on 0 1
98103  98103  25     671.5467       842.4115       20.2828    %
branching on 0 1
98104  98104  22     671.5470       842.4115       20.2828    %
branching on 1 2
98105  98105  22     671.5470       842.4115       20.2828    %
branching on 1 2
98106  98106  22     671.5470       842.4115       20.2828    %
branching on 1 1
98107  98107  29     671.5500       842.4115       20.2824    %
branching on 1 2
98108  98108  29     671.5500       842.4115       20.2824    %
branching on 1 2
98109  98109  26     671.5521       842.4115       20.2822    %
branching on 0 1
98110  98110  26     671.5521       842.4115       20.2822    %
branching on 0 2
98111  98111  26     671.5521       842.4115       20.2822    %
branching on 0 2
98112  98112  26     671.5542       842.4115       20.2819    %
branching on 0 2
98113  98113  26     671.5542       842.4115       20.2819    %
branching on 0 2
98114  98114  24     671.5562       842.4115       20.2817    %
branching on 0 2
98115  98115  24     671.5562       842.4115       20.2817    %
branching on 0 2
98116  98116  24     671.5562       842.4115       20.2817    %
branching on 0 1
98117  98117  24     671.5562       842.4115       20.2817    %
branching on 0 0
98118  98118  24     671.5562       842.4115       20.2817    %
branching on 0 1
98119  98119  24     671.5562       842.4115       20.2817    %
branching on 0 0
98120  98120  25     671.5589       842.4115       20.2814    %
branching on 0 1
98121  98121  25     671.5589       842.4115       20.2814    %
branching on 0 1
98122  98122  25     671.5604       842.4115       20.2812    %
branching on 0 1
98123  98123  25     671.5604       842.4115       20.2812    %
branching on 0 1
98124  98124  26     671.5656       842.4115       20.2806    %
branching on 0 2
98125  98125  26     671.5656       842.4115       20.2806    %
branching on 0 2
98126  98126  24     671.5709       842.4115       20.2800    %
branching on 0 0
98127  98127  24     671.5709       842.4115       20.2800    %
branching on 0 0
98128  98128  24     671.5709       842.4115       20.2800    %
branching on 0 0
98129  98129  24     671.5709       842.4115       20.2800    %
branching on 0 0
98130  98130  24     671.5709       842.4115       20.2800    %
branching on 0 0
98131  98131  24     671.5709       842.4115       20.2800    %
branching on 0 0
98132  98132  20     671.5711       842.4115       20.2799    %
branching on 0 1
98133  98133  20     671.5711       842.4115       20.2799    %
branching on 0 2
98134  98134  20     671.5711       842.4115       20.2799    %
branching on 0 2
98135  98135  28     671.5717       842.4115       20.2799    %
branching on 1 1
98136  98136  28     671.5717       842.4115       20.2799    %
branching on 1 1
98137  98137  29     671.5747       842.4115       20.2795    %
branching on 1 2
98138  98138  29     671.5747       842.4115       20.2795    %
branching on 1 2
98139  98139  27     671.5776       842.4115       20.2791    %
branching on 1 0
98140  98140  27     671.5776       842.4115       20.2791    %
branching on 1 0
98141  98141  27     671.5776       842.4115       20.2791    %
branching on 1 0
98142  98142  27     671.5776       842.4115       20.2791    %
branching on 1 0
98143  98143  27     671.5776       842.4115       20.2791    %
branching on 1 0
98144  98144  27     671.5776       842.4115       20.2791    %
branching on 1 0
98145  98145  28     671.5807       842.4115       20.2788    %
branching on 1 1
98146  98146  28     671.5807       842.4115       20.2788    %
branching on 1 1
98147  98147  26     671.5814       842.4115       20.2787    %
branching on 0 2
98148  98148  26     671.5814       842.4115       20.2787    %
branching on 0 2
98149  98149  23     671.5833       842.4115       20.2785    %
branching on 1 2
98150  98150  23     671.5833       842.4115       20.2785    %
branching on 1 2
98151  98151  24     671.5833       842.4115       20.2785    %
branching on 0 2
98152  98152  24     671.5833       842.4115       20.2785    %
branching on 0 2
98153  98153  24     671.5833       842.4115       20.2785    %
branching on 0 1
98154  98154  24     671.5833       842.4115       20.2785    %
branching on 0 0
98155  98155  24     671.5833       842.4115       20.2785    %
branching on 0 1
98156  98156  24     671.5833       842.4115       20.2785    %
branching on 0 0
98157  98157  29     671.5846       842.4115       20.2783    %
branching on 1 2
98158  98158  29     671.5846       842.4115       20.2783    %
branching on 1 2
98159  98159  28     671.5858       842.4115       20.2782    %
branching on 1 1
98160  98160  28     671.5858       842.4115       20.2782    %
branching on 1 1
98161  98161  27     671.5858       842.4115       20.2782    %
branching on 1 0
98162  98162  27     671.5858       842.4115       20.2782    %
branching on 1 0
98163  98163  27     671.5858       842.4115       20.2782    %
branching on 1 0
98164  98164  27     671.5858       842.4115       20.2782    %
branching on 1 0
98165  98165  27     671.5858       842.4115       20.2782    %
branching on 1 0
98166  98166  27     671.5858       842.4115       20.2782    %
branching on 1 0
98167  98167  29     671.5893       842.4115       20.2778    %
branching on 1 2
98168  98168  29     671.5893       842.4115       20.2778    %
branching on 1 2
98169  98169  25     671.5917       842.4115       20.2775    %
branching on 0 1
98170  98170  25     671.5917       842.4115       20.2775    %
branching on 0 1
98171  98171  24     671.5945       842.4115       20.2771    %
branching on 0 0
98172  98172  24     671.5945       842.4115       20.2771    %
branching on 0 1
98173  98173  24     671.5945       842.4115       20.2771    %
branching on 0 2
98174  98174  24     671.5945       842.4115       20.2771    %
branching on 0 0
98175  98175  24     671.5945       842.4115       20.2771    %
branching on 0 1
98176  98176  24     671.5945       842.4115       20.2771    %
branching on 0 2
98177  98177  22     671.5954       842.4115       20.2770    %
branching on 1 1
98178  98178  22     671.5954       842.4115       20.2770    %
branching on 1 1
98179  98179  25     671.5977       842.4115       20.2768    %
branching on 0 1
98180  98180  25     671.5977       842.4115       20.2768    %
branching on 0 1
98181  98181  22     671.6052       842.4115       20.2759    %
branching on 1 1
98182  98182  22     671.6052       842.4115       20.2759    %
branching on 1 1
98183  98183  25     671.6100       842.4115       20.2753    %
branching on 0 1
98184  98184  25     671.6100       842.4115       20.2753    %
branching on 0 0
98185  98185  25     671.6100       842.4115       20.2753    %
branching on 0 1
98186  98186  25     671.6100       842.4115       20.2753    %
branching on 0 0
98187  98187  25     671.6100       842.4115       20.2753    %
branching on 0 0
98188  98188  25     671.6100       842.4115       20.2753    %
branching on 0 0
98189  98189  22     671.6141       842.4115       20.2748    %
branching on 1 1
98190  98190  22     671.6141       842.4115       20.2748    %
branching on 1 1
98191  98191  21     671.6149       842.4115       20.2747    %
branching on 1 0
98192  98192  21     671.6149       842.4115       20.2747    %
branching on 1 0
98193  98193  21     671.6149       842.4115       20.2747    %
branching on 1 0
98194  98194  21     671.6149       842.4115       20.2747    %
branching on 1 1
98195  98195  21     671.6149       842.4115       20.2747    %
branching on 1 0
98196  98196  21     671.6149       842.4115       20.2747    %
branching on 1 1
98197  98197  28     671.6160       842.4115       20.2746    %
branching on 1 1
98198  98198  28     671.6160       842.4115       20.2746    %
branching on 1 1
98199  98199  23     671.6173       842.4115       20.2744    %
branching on 1 2
98200  98200  23     671.6173       842.4115       20.2744    %
branching on 1 2
98201  98201  28     671.6177       842.4115       20.2744    %
branching on 1 1
98202  98202  28     671.6177       842.4115       20.2744    %
branching on 1 1
98203  98203  28     671.6203       842.4115       20.2741    %
branching on 1 1
98204  98204  28     671.6203       842.4115       20.2741    %
branching on 1 1
98205  98205  17     671.6207       842.4115       20.2740    %
branching on 1 2
98206  98206  17     671.6207       842.4115       20.2740    %
branching on 1 1
98207  98207  17     671.6207       842.4115       20.2740    %
branching on 1 0
98208  98208  17     671.6207       842.4115       20.2740    %
branching on 1 2
98209  98209  17     671.6207       842.4115       20.2740    %
branching on 1 1
98210  98210  17     671.6207       842.4115       20.2740    %
branching on 1 0
98211  98211  20     671.6255       842.4115       20.2735    %
branching on 0 2
98212  98212  20     671.6255       842.4115       20.2735    %
branching on 0 2
98213  98213  25     671.6274       842.4115       20.2732    %
branching on 0 1
98214  98214  25     671.6274       842.4115       20.2732    %
branching on 0 1
98215  98215  20     671.6328       842.4115       20.2726    %
branching on 0 1
98216  98216  20     671.6328       842.4115       20.2726    %
branching on 0 2
98217  98217  20     671.6328       842.4115       20.2726    %
branching on 0 2
98218  98218  22     671.6345       842.4115       20.2724    %
branching on 1 1
98219  98219  22     671.6345       842.4115       20.2724    %
branching on 1 1
98220  98220  28     671.6353       842.4115       20.2723    %
branching on 1 1
98221  98221  28     671.6353       842.4115       20.2723    %
branching on 1 1
98222  98222  22     671.6386       842.4115       20.2719    %
solved nodes: 98222
98222                                                6.7164e+02     8.4241e+02
centers [[ 5.45618514 11.29795431 12.37094468]
 [12.21231014 12.73916315  7.52967755]]
Toy-3-50:       842.41  14400.3 2027.191%       98223

C:\Users\Joshua\Documents\global_kmeans - Disabled LD - No CPLEX - Copy>