branching on 1 2
56071  56071  35     39.8798        78.8514        49.4242    %
branching on 1 2
56072  56072  38     39.8800        78.8514        49.4239    %
branching on 3 0
56073  56073  38     39.8800        78.8514        49.4239    %
branching on 3 1
56074  56074  38     39.8800        78.8514        49.4239    %
branching on 3 2
56075  56075  38     39.8800        78.8514        49.4239    %
branching on 3 0
56076  56076  38     39.8800        78.8514        49.4239    %
branching on 3 1
56077  56077  38     39.8800        78.8514        49.4239    %
branching on 3 2
56078  56078  29     39.8800        78.8514        49.4239    %
branching on 0 0
56079  56079  29     39.8800        78.8514        49.4239    %
branching on 0 1
56080  56080  29     39.8800        78.8514        49.4239    %
branching on 0 2
56081  56081  29     39.8800        78.8514        49.4239    %
branching on 0 0
56082  56082  29     39.8800        78.8514        49.4239    %
branching on 0 1
56083  56083  29     39.8800        78.8514        49.4239    %
branching on 0 2
56084  56084  22     39.8803        78.8514        49.4235    %
branching on 1 1
56085  56085  22     39.8803        78.8514        49.4235    %
branching on 1 1
56086  56086  31     39.8807        78.8514        49.4229    %
branching on 2 1
56087  56087  31     39.8807        78.8514        49.4229    %
branching on 2 0
56088  56088  31     39.8807        78.8514        49.4229    %
branching on 2 0
56089  56089  31     39.8807        78.8514        49.4229    %
branching on 2 1
56090  56090  31     39.8807        78.8514        49.4229    %
branching on 2 0
56091  56091  31     39.8807        78.8514        49.4229    %
branching on 2 0
56092  56092  21     39.8814        78.8514        49.4221    %
branching on 1 0
56093  56093  21     39.8814        78.8514        49.4221    %
branching on 1 0
56094  56094  21     39.8814        78.8514        49.4221    %
branching on 1 0
56095  56095  21     39.8814        78.8514        49.4221    %
branching on 1 0
56096  56096  21     39.8814        78.8514        49.4221    %
branching on 1 0
56097  56097  21     39.8814        78.8514        49.4221    %
branching on 1 0
56098  56098  31     39.8820        78.8514        49.4214    %
branching on 2 1
56099  56099  31     39.8820        78.8514        49.4214    %
branching on 2 0
56100  56100  31     39.8820        78.8514        49.4214    %
branching on 2 0
56101  56101  31     39.8820        78.8514        49.4214    %
branching on 2 1
56102  56102  31     39.8820        78.8514        49.4214    %
branching on 2 0
56103  56103  31     39.8820        78.8514        49.4214    %
branching on 2 0
56104  56104  29     39.8822        78.8514        49.4211    %
branching on 0 0
56105  56105  29     39.8822        78.8514        49.4211    %
branching on 0 1
56106  56106  29     39.8822        78.8514        49.4211    %
branching on 0 2
56107  56107  29     39.8822        78.8514        49.4211    %
branching on 0 0
56108  56108  29     39.8822        78.8514        49.4211    %
branching on 0 1
56109  56109  29     39.8822        78.8514        49.4211    %
branching on 0 2
56110  56110  31     39.8836        78.8514        49.4194    %
branching on 2 1
56111  56111  31     39.8836        78.8514        49.4194    %
branching on 2 0
56112  56112  31     39.8836        78.8514        49.4194    %
branching on 2 0
56113  56113  31     39.8836        78.8514        49.4194    %
branching on 2 1
56114  56114  31     39.8836        78.8514        49.4194    %
branching on 2 0
56115  56115  31     39.8836        78.8514        49.4194    %
branching on 2 0
56116  56116  23     39.8838        78.8514        49.4191    %
branching on 1 2
56117  56117  22     39.8838        78.8514        49.4191    %
branching on 1 1
56118  56118  22     39.8838        78.8514        49.4191    %
branching on 1 1
56119  56119  23     39.8838        78.8514        49.4191    %
branching on 1 2
56120  56120  25     39.8841        78.8514        49.4187    %
branching on 3 1
56121  56121  25     39.8841        78.8514        49.4187    %
branching on 3 1
56122  56122  26     39.8841        78.8514        49.4187    %
branching on 3 2
56123  56123  26     39.8841        78.8514        49.4187    %
branching on 3 2
56124  56124  31     39.8845        78.8514        49.4182    %
branching on 2 1
56125  56125  31     39.8845        78.8514        49.4182    %
branching on 2 0
56126  56126  31     39.8845        78.8514        49.4182    %
branching on 2 0
56127  56127  31     39.8845        78.8514        49.4182    %
branching on 2 0
56128  56128  31     39.8845        78.8514        49.4182    %
branching on 2 1
56129  56129  31     39.8845        78.8514        49.4182    %
branching on 2 0
56130  56130  24     39.8848        78.8514        49.4177    %
branching on 3 0
56131  56131  24     39.8848        78.8514        49.4177    %
branching on 3 0
56132  56132  24     39.8848        78.8514        49.4177    %
branching on 3 0
56133  56133  24     39.8848        78.8514        49.4177    %
branching on 3 0
56134  56134  24     39.8848        78.8514        49.4177    %
branching on 3 0
56135  56135  24     39.8848        78.8514        49.4177    %
branching on 3 0
56136  56136  24     39.8852        78.8514        49.4173    %
branching on 3 0
56137  56137  24     39.8852        78.8514        49.4173    %
branching on 3 0
56138  56138  24     39.8852        78.8514        49.4173    %
branching on 3 0
56139  56139  24     39.8852        78.8514        49.4173    %
branching on 3 0
56140  56140  24     39.8852        78.8514        49.4173    %
branching on 3 0
56141  56141  24     39.8852        78.8514        49.4173    %
branching on 3 0
56142  56142  32     39.8861        78.8514        49.4161    %
branching on 2 2
56143  56143  32     39.8861        78.8514        49.4161    %
branching on 2 2
56144  56144  32     39.8861        78.8514        49.4161    %
branching on 2 1
56145  56145  22     39.8864        78.8514        49.4158    %
branching on 1 1
56146  56146  22     39.8864        78.8514        49.4158    %
branching on 1 1
56147  56147  34     39.8867        78.8514        49.4154    %
branching on 1 1
56148  56148  34     39.8867        78.8514        49.4154    %
branching on 1 1
56149  56149  34     39.8868        78.8514        49.4153    %
branching on 1 1
56150  56150  34     39.8868        78.8514        49.4153    %
branching on 1 1
56151  56151  23     39.8872        78.8514        49.4148    %
branching on 1 2
56152  56152  22     39.8872        78.8514        49.4148    %
branching on 1 1
56153  56153  23     39.8872        78.8514        49.4148    %
branching on 1 2
56154  56154  22     39.8872        78.8514        49.4148    %
branching on 1 1
56155  56155  22     39.8872        78.8514        49.4148    %
branching on 1 1
56156  56156  22     39.8872        78.8514        49.4148    %
branching on 1 1
56157  56157  25     39.8875        78.8514        49.4144    %
branching on 3 1
56158  56158  25     39.8875        78.8514        49.4144    %
branching on 3 1
56159  56159  26     39.8875        78.8514        49.4144    %
branching on 3 2
56160  56160  26     39.8875        78.8514        49.4144    %
branching on 3 2
56161  56161  29     39.8875        78.8514        49.4144    %
branching on 0 2
56162  56162  29     39.8875        78.8514        49.4144    %
branching on 0 2
56163  56163  31     39.8876        78.8514        49.4142    %
branching on 2 1
56164  56164  31     39.8876        78.8514        49.4142    %
branching on 2 0
56165  56165  31     39.8876        78.8514        49.4142    %
branching on 2 0
56166  56166  31     39.8876        78.8514        49.4142    %
branching on 2 1
56167  56167  31     39.8876        78.8514        49.4142    %
branching on 2 0
56168  56168  31     39.8876        78.8514        49.4142    %
branching on 2 0
56169  56169  27     39.8881        78.8514        49.4136    %
branching on 0 1
56170  56170  27     39.8881        78.8514        49.4136    %
branching on 0 0
56171  56171  27     39.8881        78.8514        49.4136    %
branching on 0 1
56172  56172  27     39.8881        78.8514        49.4136    %
branching on 0 0
56173  56173  27     39.8881        78.8514        49.4136    %
branching on 0 0
56174  56174  27     39.8881        78.8514        49.4136    %
branching on 0 0
56175  56175  33     39.8887        78.8514        49.4128    %
branching on 1 0
56176  56176  33     39.8887        78.8514        49.4128    %
branching on 1 0
56177  56177  33     39.8887        78.8514        49.4128    %
branching on 1 0
56178  56178  33     39.8887        78.8514        49.4128    %
branching on 1 0
56179  56179  33     39.8887        78.8514        49.4128    %
branching on 1 0
56180  56180  33     39.8887        78.8514        49.4128    %
branching on 1 0
56181  56181  32     39.8891        78.8514        49.4124    %
branching on 2 2
56182  56182  32     39.8891        78.8514        49.4124    %
branching on 2 2
56183  56183  32     39.8891        78.8514        49.4124    %
branching on 2 1
56184  56184  25     39.8895        78.8514        49.4118    %
branching on 3 1
56185  56185  25     39.8895        78.8514        49.4118    %
branching on 3 1
56186  56186  26     39.8895        78.8514        49.4118    %
branching on 3 2
56187  56187  26     39.8895        78.8514        49.4118    %
branching on 3 2
56188  56188  27     39.8895        78.8514        49.4118    %
branching on 0 1
56189  56189  27     39.8895        78.8514        49.4118    %
branching on 0 0
56190  56190  26     39.8895        78.8514        49.4118    %
branching on 3 2
56191  56191  26     39.8895        78.8514        49.4118    %
branching on 3 2
56192  56192  27     39.8895        78.8514        49.4118    %
branching on 0 1
56193  56193  27     39.8895        78.8514        49.4118    %
branching on 0 0
56194  56194  27     39.8895        78.8514        49.4118    %
branching on 0 0
56195  56195  27     39.8895        78.8514        49.4118    %
branching on 0 0
56196  56196  33     39.8897        78.8514        49.4116    %
branching on 1 0
56197  56197  33     39.8897        78.8514        49.4116    %
branching on 1 0
56198  56198  33     39.8897        78.8514        49.4116    %
branching on 1 0
56199  56199  34     39.8897        78.8514        49.4116    %
branching on 1 1
56200  56200  34     39.8897        78.8514        49.4116    %
branching on 1 1
56201  56201  33     39.8897        78.8514        49.4116    %
branching on 1 0
56202  56202  33     39.8897        78.8514        49.4116    %
branching on 1 0
56203  56203  33     39.8897        78.8514        49.4116    %
branching on 1 0
56204  56204  25     39.8900        78.8514        49.4112    %
branching on 3 1
56205  56205  25     39.8900        78.8514        49.4112    %
branching on 3 1
56206  56206  29     39.8900        78.8514        49.4112    %
branching on 0 2
56207  56207  29     39.8900        78.8514        49.4112    %
branching on 0 2
56208  56208  34     39.8910        78.8514        49.4100    %
branching on 1 1
56209  56209  34     39.8910        78.8514        49.4100    %
branching on 1 1
56210  56210  32     39.8911        78.8514        49.4098    %
branching on 2 2
56211  56211  32     39.8911        78.8514        49.4098    %
branching on 2 2
56212  56212  32     39.8911        78.8514        49.4098    %
branching on 2 1
56213  56213  21     39.8913        78.8514        49.4096    %
branching on 1 0
56214  56214  21     39.8913        78.8514        49.4096    %
branching on 1 0
56215  56215  21     39.8913        78.8514        49.4096    %
branching on 1 0
56216  56216  21     39.8913        78.8514        49.4096    %
branching on 1 0
56217  56217  21     39.8913        78.8514        49.4096    %
branching on 1 0
56218  56218  21     39.8913        78.8514        49.4096    %
branching on 1 0
56219  56219  28     39.8914        78.8514        49.4094    %
branching on 0 2
56220  56220  28     39.8914        78.8514        49.4094    %
branching on 0 2
56221  56221  28     39.8914        78.8514        49.4094    %
branching on 0 1
56222  56222  23     39.8914        78.8514        49.4094    %
branching on 1 2
56223  56223  24     39.8914        78.8514        49.4094    %
branching on 3 0
56224  56224  24     39.8914        78.8514        49.4094    %
branching on 3 0
56225  56225  23     39.8914        78.8514        49.4094    %
branching on 1 2
56226  56226  24     39.8914        78.8514        49.4094    %
branching on 3 0
56227  56227  24     39.8914        78.8514        49.4094    %
branching on 3 0
56228  56228  24     39.8914        78.8514        49.4094    %
branching on 3 0
56229  56229  24     39.8914        78.8514        49.4094    %
branching on 3 0
56230  56230  19     39.8914        78.8514        49.4094    %
branching on 2 2
56231  56231  19     39.8914        78.8514        49.4094    %
branching on 2 1
56232  56232  19     39.8914        78.8514        49.4094    %
branching on 2 2
56233  56233  34     39.8914        78.8514        49.4094    %
branching on 1 1
56234  56234  34     39.8914        78.8514        49.4094    %
branching on 1 1
56235  56235  38     39.8921        78.8514        49.4085    %
branching on 3 0
56236  56236  38     39.8921        78.8514        49.4085    %
branching on 3 1
56237  56237  38     39.8921        78.8514        49.4085    %
branching on 3 2
56238  56238  38     39.8921        78.8514        49.4085    %
branching on 3 0
56239  56239  38     39.8921        78.8514        49.4085    %
branching on 3 1
56240  56240  38     39.8921        78.8514        49.4085    %
branching on 3 2
56241  56241  25     39.8923        78.8514        49.4082    %
branching on 3 1
56242  56242  25     39.8923        78.8514        49.4082    %
branching on 3 1
56243  56243  26     39.8923        78.8514        49.4082    %
branching on 3 2
56244  56244  26     39.8923        78.8514        49.4082    %
branching on 3 2
56245  56245  30     39.8923        78.8514        49.4082    %
branching on 2 0
56246  56246  30     39.8923        78.8514        49.4082    %
branching on 2 1
56247  56247  30     39.8923        78.8514        49.4082    %
branching on 2 2
56248  56248  30     39.8923        78.8514        49.4082    %
branching on 2 0
56249  56249  30     39.8923        78.8514        49.4082    %
branching on 2 1
56250  56250  30     39.8923        78.8514        49.4082    %
branching on 2 2
56251  56251  34     39.8924        78.8514        49.4081    %
branching on 1 1
56252  56252  34     39.8924        78.8514        49.4081    %
branching on 1 1
56253  56253  32     39.8927        78.8514        49.4078    %
branching on 2 2
56254  56254  32     39.8927        78.8514        49.4078    %
branching on 2 2
56255  56255  32     39.8927        78.8514        49.4078    %
branching on 2 1
56256  56256  29     39.8930        78.8514        49.4074    %
branching on 0 2
56257  56257  29     39.8930        78.8514        49.4074    %
branching on 0 2
56258  56258  29     39.8933        78.8514        49.4070    %
branching on 0 2
56259  56259  29     39.8933        78.8514        49.4070    %
branching on 0 2
56260  56260  26     39.8936        78.8514        49.4066    %
branching on 3 2
56261  56261  27     39.8936        78.8514        49.4066    %
branching on 0 0
56262  56262  27     39.8936        78.8514        49.4066    %
branching on 0 0
56263  56263  26     39.8936        78.8514        49.4066    %
branching on 3 2
56264  56264  27     39.8936        78.8514        49.4066    %
branching on 0 0
56265  56265  27     39.8936        78.8514        49.4066    %
branching on 0 0
56266  56266  27     39.8936        78.8514        49.4066    %
branching on 0 0
56267  56267  27     39.8936        78.8514        49.4066    %
branching on 0 0
56268  56268  21     39.8944        78.8514        49.4056    %
branching on 1 0
56269  56269  21     39.8944        78.8514        49.4056    %
branching on 1 0
56270  56270  21     39.8944        78.8514        49.4056    %
branching on 1 0
56271  56271  21     39.8944        78.8514        49.4056    %
branching on 1 0
56272  56272  21     39.8944        78.8514        49.4056    %
branching on 1 0
56273  56273  21     39.8944        78.8514        49.4056    %
branching on 1 0
56274  56274  22     39.8944        78.8514        49.4056    %
branching on 1 1
56275  56275  22     39.8944        78.8514        49.4056    %
branching on 1 1
56276  56276  29     39.8952        78.8514        49.4047    %
branching on 0 0
56277  56277  29     39.8952        78.8514        49.4047    %
branching on 0 1
56278  56278  29     39.8952        78.8514        49.4047    %
branching on 0 2
56279  56279  29     39.8952        78.8514        49.4047    %
branching on 0 0
56280  56280  29     39.8952        78.8514        49.4047    %
branching on 0 1
56281  56281  29     39.8952        78.8514        49.4047    %
branching on 0 2
56282  56282  19     39.8956        78.8514        49.4041    %
branching on 2 1
56283  56283  19     39.8956        78.8514        49.4041    %
branching on 2 2
56284  56284  19     39.8956        78.8514        49.4041    %
branching on 2 2
56285  56285  19     39.8956        78.8514        49.4041    %
branching on 2 0
56286  56286  19     39.8956        78.8514        49.4041    %
branching on 2 0
56287  56287  19     39.8956        78.8514        49.4041    %
branching on 2 1
56288  56288  38     39.8958        78.8514        49.4039    %
branching on 3 2
56289  56289  38     39.8958        78.8514        49.4039    %
branching on 3 0
56290  56290  38     39.8958        78.8514        49.4039    %
branching on 3 1
56291  56291  38     39.8958        78.8514        49.4039    %
branching on 3 1
56292  56292  38     39.8958        78.8514        49.4039    %
branching on 3 0
56293  56293  38     39.8958        78.8514        49.4039    %
branching on 3 2
56294  56294  29     39.8963        78.8514        49.4033    %
branching on 0 0
56295  56295  29     39.8963        78.8514        49.4033    %
branching on 0 1
56296  56296  29     39.8963        78.8514        49.4033    %
branching on 0 2
56297  56297  29     39.8963        78.8514        49.4033    %
branching on 0 0
56298  56298  29     39.8963        78.8514        49.4033    %
branching on 0 1
56299  56299  29     39.8963        78.8514        49.4033    %
branching on 0 2
56300  56300  22     39.8964        78.8514        49.4031    %
branching on 1 1
56301  56301  22     39.8964        78.8514        49.4031    %
branching on 1 1
56302  56302  32     39.8971        78.8514        49.4022    %
branching on 2 2
56303  56303  32     39.8971        78.8514        49.4022    %
branching on 2 2
56304  56304  32     39.8971        78.8514        49.4022    %
branching on 2 1
56305  56305  32     39.8971        78.8514        49.4022    %
branching on 2 0
56306  56306  32     39.8971        78.8514        49.4022    %
branching on 2 1
56307  56307  32     39.8971        78.8514        49.4022    %
branching on 2 0
56308  56308  19     39.8977        78.8514        49.4015    %
branching on 2 0
56309  56309  19     39.8977        78.8514        49.4015    %
branching on 2 1
56310  56310  19     39.8977        78.8514        49.4015    %
branching on 2 0
56311  56311  19     39.8977        78.8514        49.4015    %
branching on 2 0
56312  56312  19     39.8977        78.8514        49.4015    %
branching on 2 1
56313  56313  19     39.8977        78.8514        49.4015    %
branching on 2 0
56314  56314  29     39.8981        78.8514        49.4009    %
branching on 0 2
56315  56315  29     39.8981        78.8514        49.4009    %
branching on 0 2
56316  56316  32     39.8981        78.8514        49.4009    %
branching on 2 2
56317  56317  32     39.8981        78.8514        49.4009    %
branching on 2 2
56318  56318  32     39.8981        78.8514        49.4009    %
branching on 2 1
56319  56319  32     39.8981        78.8514        49.4009    %
branching on 2 0
56320  56320  32     39.8981        78.8514        49.4009    %
branching on 2 1
56321  56321  32     39.8981        78.8514        49.4009    %
branching on 2 0
56322  56322  34     39.8984        78.8514        49.4005    %
branching on 1 1
56323  56323  34     39.8984        78.8514        49.4005    %
branching on 1 1
56324  56324  19     39.8991        78.8514        49.3997    %
branching on 2 2
56325  56325  19     39.8991        78.8514        49.3997    %
branching on 2 2
56326  56326  19     39.8991        78.8514        49.3997    %
branching on 2 1
56327  56327  25     39.8995        78.8514        49.3991    %
branching on 3 1
56328  56328  26     39.8995        78.8514        49.3991    %
branching on 3 2
56329  56329  27     39.8995        78.8514        49.3991    %
branching on 0 0
56330  56330  27     39.8995        78.8514        49.3991    %
branching on 0 1
56331  56331  25     39.8995        78.8514        49.3991    %
branching on 3 1
56332  56332  26     39.8995        78.8514        49.3991    %
branching on 3 2
56333  56333  26     39.8995        78.8514        49.3991    %
branching on 3 2
56334  56334  27     39.8995        78.8514        49.3991    %
branching on 0 0
56335  56335  26     39.8995        78.8514        49.3991    %
branching on 3 2
56336  56336  27     39.8995        78.8514        49.3991    %
branching on 0 1
56337  56337  27     39.8995        78.8514        49.3991    %
branching on 0 0
56338  56338  27     39.8995        78.8514        49.3991    %
branching on 0 0
56339  56339  35     39.8997        78.8514        49.3989    %
branching on 1 2
56340  56340  35     39.8997        78.8514        49.3989    %
branching on 1 2
56341  56341  32     39.9005        78.8514        49.3979    %
branching on 2 2
56342  56342  32     39.9005        78.8514        49.3979    %
branching on 2 2
56343  56343  32     39.9005        78.8514        49.3979    %
branching on 2 1
56344  56344  27     39.9012        78.8514        49.3969    %
branching on 0 0
56345  56345  26     39.9012        78.8514        49.3969    %
branching on 3 2
56346  56346  27     39.9012        78.8514        49.3969    %
branching on 0 1
56347  56347  27     39.9012        78.8514        49.3969    %
branching on 0 0
56348  56348  26     39.9012        78.8514        49.3969    %
branching on 3 2
56349  56349  27     39.9012        78.8514        49.3969    %
branching on 0 0
56350  56350  27     39.9012        78.8514        49.3969    %
branching on 0 1
56351  56351  27     39.9012        78.8514        49.3969    %
branching on 0 0
56352  56352  22     39.9013        78.8514        49.3969    %
branching on 1 1
56353  56353  22     39.9013        78.8514        49.3969    %
branching on 1 1
56354  56354  22     39.9014        78.8514        49.3967    %
branching on 1 1
56355  56355  22     39.9014        78.8514        49.3967    %
branching on 1 1
56356  56356  26     39.9016        78.8514        49.3965    %
branching on 3 2
56357  56357  26     39.9016        78.8514        49.3965    %
branching on 3 2
56358  56358  30     39.9022        78.8514        49.3957    %
branching on 2 0
56359  56359  30     39.9022        78.8514        49.3957    %
branching on 2 1
56360  56360  30     39.9022        78.8514        49.3957    %
branching on 2 2
56361  56361  30     39.9022        78.8514        49.3957    %
branching on 2 0
56362  56362  30     39.9022        78.8514        49.3957    %
branching on 2 1
56363  56363  30     39.9022        78.8514        49.3957    %
branching on 2 2
56364  56364  28     39.9023        78.8514        49.3955    %
branching on 0 1
56365  56365  28     39.9023        78.8514        49.3955    %
branching on 0 1
56366  56366  22     39.9025        78.8514        49.3953    %
branching on 1 1
56367  56367  22     39.9025        78.8514        49.3953    %
branching on 1 1
56368  56368  25     39.9025        78.8514        49.3953    %
branching on 3 1
56369  56369  25     39.9025        78.8514        49.3953    %
branching on 3 1
56370  56370  26     39.9025        78.8514        49.3953    %
branching on 3 2
56371  56371  26     39.9025        78.8514        49.3953    %
branching on 3 2
56372  56372  22     39.9028        78.8514        49.3949    %
branching on 1 1
56373  56373  22     39.9028        78.8514        49.3949    %
branching on 1 1
56374  56374  14     39.9031        78.8514        49.3946    %
branching on 3 2
56375  56375  15     39.9031        78.8514        49.3946    %
branching on 0 2
56376  56376  15     39.9031        78.8514        49.3946    %
branching on 0 2
56377  56377  14     39.9031        78.8514        49.3946    %
branching on 3 2
56378  56378  15     39.9031        78.8514        49.3946    %
branching on 0 1
56379  56379  15     39.9031        78.8514        49.3946    %
branching on 0 0
56380  56380  15     39.9031        78.8514        49.3946    %
branching on 0 1
56381  56381  15     39.9031        78.8514        49.3946    %
branching on 0 0
56382  56382  38     39.9036        78.8514        49.3940    %
branching on 3 2
56383  56383  38     39.9036        78.8514        49.3940    %
branching on 3 0
56384  56384  38     39.9036        78.8514        49.3940    %
branching on 3 1
56385  56385  38     39.9036        78.8514        49.3940    %
branching on 3 1
56386  56386  38     39.9036        78.8514        49.3940    %
branching on 3 0
56387  56387  38     39.9036        78.8514        49.3940    %
branching on 3 2
56388  56388  33     39.9039        78.8514        49.3935    %
branching on 1 0
56389  56389  33     39.9039        78.8514        49.3935    %
branching on 1 0
56390  56390  33     39.9039        78.8514        49.3935    %
branching on 1 0
56391  56391  33     39.9039        78.8514        49.3935    %
branching on 1 0
56392  56392  33     39.9039        78.8514        49.3935    %
branching on 1 0
56393  56393  33     39.9039        78.8514        49.3935    %
branching on 1 0
56394  56394  31     39.9042        78.8514        49.3932    %
branching on 2 1
56395  56395  31     39.9042        78.8514        49.3932    %
branching on 2 0
56396  56396  31     39.9042        78.8514        49.3932    %
branching on 2 1
56397  56397  31     39.9042        78.8514        49.3932    %
branching on 2 0
56398  56398  31     39.9042        78.8514        49.3932    %
branching on 2 0
56399  56399  31     39.9042        78.8514        49.3932    %
branching on 2 0
56400  56400  30     39.9052        78.8514        49.3920    %
branching on 2 1
56401  56401  30     39.9052        78.8514        49.3920    %
branching on 2 0
56402  56402  30     39.9052        78.8514        49.3920    %
branching on 2 2
56403  56403  30     39.9052        78.8514        49.3920    %
branching on 2 2
56404  56404  30     39.9052        78.8514        49.3920    %
branching on 2 0
56405  56405  30     39.9052        78.8514        49.3920    %
branching on 2 1
56406  56406  34     39.9055        78.8514        49.3916    %
branching on 1 1
56407  56407  34     39.9055        78.8514        49.3916    %
branching on 1 1
56408  56408  21     39.9072        78.8514        49.3894    %
branching on 1 0
56409  56409  21     39.9072        78.8514        49.3894    %
branching on 1 0
56410  56410  21     39.9072        78.8514        49.3894    %
branching on 1 0
56411  56411  21     39.9072        78.8514        49.3894    %
branching on 1 0
56412  56412  21     39.9072        78.8514        49.3894    %
branching on 1 0
56413  56413  21     39.9072        78.8514        49.3894    %
branching on 1 0
56414  56414  31     39.9088        78.8514        49.3874    %
branching on 2 0
56415  56415  31     39.9088        78.8514        49.3874    %
branching on 2 1
56416  56416  31     39.9088        78.8514        49.3874    %
branching on 2 0
56417  56417  31     39.9088        78.8514        49.3874    %
branching on 2 0
56418  56418  31     39.9088        78.8514        49.3874    %
branching on 2 1
56419  56419  31     39.9088        78.8514        49.3874    %
branching on 2 0
56420  56420  28     39.9088        78.8514        49.3874    %
branching on 0 2
56421  56421  28     39.9088        78.8514        49.3874    %
branching on 0 2
56422  56422  28     39.9088        78.8514        49.3874    %
branching on 0 1
56423  56423  32     39.9091        78.8514        49.3870    %
branching on 2 2
56424  56424  32     39.9091        78.8514        49.3870    %
branching on 2 2
56425  56425  32     39.9091        78.8514        49.3870    %
branching on 2 1
56426  56426  25     39.9095        78.8514        49.3864    %
branching on 3 1
56427  56427  25     39.9095        78.8514        49.3864    %
branching on 3 1
56428  56428  26     39.9095        78.8514        49.3864    %
branching on 3 2
56429  56429  26     39.9095        78.8514        49.3864    %
branching on 3 2
56430  56430  39     39.9106        78.8514        49.3850    %
branching on 0 1
56431  56431  39     39.9106        78.8514        49.3850    %
branching on 0 0
56432  56432  39     39.9106        78.8514        49.3850    %
branching on 0 1
56433  56433  39     39.9106        78.8514        49.3850    %
branching on 0 0
56434  56434  39     39.9106        78.8514        49.3850    %
branching on 0 0
56435  56435  39     39.9106        78.8514        49.3850    %
branching on 0 0
56436  56436  28     39.9111        78.8514        49.3844    %
branching on 0 2
56437  56437  28     39.9111        78.8514        49.3844    %
branching on 0 2
56438  56438  28     39.9111        78.8514        49.3844    %
branching on 0 1
56439  56439  23     39.9112        78.8514        49.3842    %
branching on 1 2
56440  56440  22     39.9113        78.8514        49.3842    %
branching on 1 1
56441  56441  23     39.9112        78.8514        49.3842    %
branching on 1 2
56442  56442  22     39.9113        78.8514        49.3842    %
branching on 1 1
56443  56443  28     39.9120        78.8514        49.3833    %
branching on 0 2
56444  56444  28     39.9120        78.8514        49.3833    %
branching on 0 2
56445  56445  28     39.9120        78.8514        49.3833    %
branching on 0 1
56446  56446  23     39.9125        78.8514        49.3827    %
branching on 1 2
56447  56447  23     39.9125        78.8514        49.3827    %
branching on 1 2
56448  56448  25     39.9127        78.8514        49.3825    %
branching on 3 1
56449  56449  25     39.9127        78.8514        49.3825    %
branching on 3 1
56450  56450  26     39.9127        78.8514        49.3825    %
branching on 3 2
56451  56451  26     39.9127        78.8514        49.3825    %
branching on 3 2
56452  56452  27     39.9127        78.8514        49.3825    %
branching on 0 0
56453  56453  27     39.9127        78.8514        49.3825    %
branching on 0 0
56454  56454  26     39.9127        78.8514        49.3825    %
branching on 3 2
56455  56455  26     39.9127        78.8514        49.3825    %
branching on 3 2
56456  56456  27     39.9127        78.8514        49.3825    %
branching on 0 0
56457  56457  27     39.9127        78.8514        49.3825    %
branching on 0 0
56458  56458  27     39.9127        78.8514        49.3825    %
branching on 0 0
56459  56459  27     39.9127        78.8514        49.3825    %
branching on 0 0
56460  56460  34     39.9128        78.8514        49.3823    %
branching on 1 1
56461  56461  34     39.9128        78.8514        49.3823    %
branching on 1 1
56462  56462  32     39.9134        78.8514        49.3815    %
branching on 2 2
56463  56463  32     39.9134        78.8514        49.3815    %
branching on 2 2
56464  56464  32     39.9134        78.8514        49.3815    %
branching on 2 1
56465  56465  22     39.9137        78.8514        49.3811    %
branching on 1 1
56466  56466  22     39.9137        78.8514        49.3811    %
branching on 1 1
56467  56467  24     39.9139        78.8514        49.3809    %
branching on 3 0
56468  56468  24     39.9139        78.8514        49.3809    %
branching on 3 0
56469  56469  24     39.9139        78.8514        49.3809    %
branching on 3 0
56470  56470  24     39.9139        78.8514        49.3809    %
branching on 3 0
56471  56471  24     39.9139        78.8514        49.3809    %
branching on 3 0
56472  56472  24     39.9139        78.8514        49.3809    %
branching on 3 0
56473  56473  25     39.9139        78.8514        49.3809    %
branching on 3 1
56474  56474  25     39.9139        78.8514        49.3809    %
branching on 3 1
56475  56475  25     39.9139        78.8514        49.3809    %
branching on 3 1
56476  56476  25     39.9139        78.8514        49.3809    %
branching on 3 1
56477  56477  26     39.9139        78.8514        49.3809    %
branching on 3 2
56478  56478  26     39.9139        78.8514        49.3809    %
branching on 3 2
56479  56479  32     39.9140        78.8514        49.3807    %
branching on 2 2
56480  56480  32     39.9140        78.8514        49.3807    %
branching on 2 2
56481  56481  32     39.9140        78.8514        49.3807    %
branching on 2 1
56482  56482  37     39.9146        78.8514        49.3800    %
branching on 3 2
56483  56483  37     39.9146        78.8514        49.3800    %
branching on 3 2
56484  56484  37     39.9146        78.8514        49.3800    %
branching on 3 1
56485  56485  35     39.9146        78.8514        49.3800    %
branching on 1 2
56486  56486  35     39.9146        78.8514        49.3800    %
branching on 1 2
56487  56487  31     39.9146        78.8514        49.3799    %
branching on 2 1
56488  56488  31     39.9146        78.8514        49.3799    %
branching on 2 0
56489  56489  31     39.9146        78.8514        49.3799    %
branching on 2 0
56490  56490  31     39.9146        78.8514        49.3799    %
branching on 2 1
56491  56491  31     39.9146        78.8514        49.3799    %
branching on 2 0
56492  56492  31     39.9146        78.8514        49.3799    %
branching on 2 0
56493  56493  26     39.9150        78.8514        49.3795    %
branching on 3 2
56494  56494  27     39.9150        78.8514        49.3795    %
branching on 0 1
56495  56495  27     39.9150        78.8514        49.3795    %
branching on 0 0
56496  56496  26     39.9150        78.8514        49.3795    %
branching on 3 2
56497  56497  27     39.9150        78.8514        49.3795    %
branching on 0 1
56498  56498  27     39.9150        78.8514        49.3795    %
branching on 0 0
56499  56499  27     39.9150        78.8514        49.3795    %
branching on 0 0
56500  56500  27     39.9150        78.8514        49.3795    %
branching on 0 0
56501  56501  30     39.9150        78.8514        49.3795    %
branching on 2 0
56502  56502  30     39.9150        78.8514        49.3795    %
branching on 2 1
56503  56503  30     39.9150        78.8514        49.3795    %
branching on 2 0
56504  56504  30     39.9150        78.8514        49.3795    %
branching on 2 1
56505  56505  30     39.9150        78.8514        49.3795    %
branching on 2 2
56506  56506  30     39.9150        78.8514        49.3795    %
branching on 2 2
56507  56507  33     39.9151        78.8514        49.3794    %
branching on 1 0
56508  56508  33     39.9151        78.8514        49.3794    %
branching on 1 0
56509  56509  33     39.9151        78.8514        49.3794    %
branching on 1 0
56510  56510  33     39.9151        78.8514        49.3794    %
branching on 1 0
56511  56511  33     39.9151        78.8514        49.3794    %
branching on 1 0
56512  56512  33     39.9151        78.8514        49.3794    %
branching on 1 0
56513  56513  34     39.9152        78.8514        49.3793    %
branching on 1 1
56514  56514  34     39.9152        78.8514        49.3793    %
branching on 1 1
56515  56515  11     39.9156        78.8514        49.3787    %
branching on 1 2
56516  56516  11     39.9156        78.8514        49.3787    %
branching on 1 2
56517  56517  28     39.9162        78.8514        49.3779    %
branching on 0 1
56518  56518  28     39.9162        78.8514        49.3779    %
branching on 0 1
56519  56519  27     39.9166        78.8514        49.3775    %
branching on 0 0
56520  56520  27     39.9166        78.8514        49.3775    %
branching on 0 1
56521  56521  27     39.9166        78.8514        49.3775    %
branching on 0 0
56522  56522  27     39.9166        78.8514        49.3775    %
branching on 0 0
56523  56523  27     39.9166        78.8514        49.3775    %
branching on 0 1
56524  56524  27     39.9166        78.8514        49.3775    %
branching on 0 0
56525  56525  22     39.9172        78.8514        49.3767    %
branching on 1 1
56526  56526  22     39.9172        78.8514        49.3767    %
branching on 1 1
56527  56527  28     39.9173        78.8514        49.3765    %
branching on 0 1
56528  56528  28     39.9173        78.8514        49.3765    %
branching on 0 1
56529  56529  29     39.9178        78.8514        49.3759    %
branching on 0 2
56530  56530  29     39.9178        78.8514        49.3759    %
branching on 0 2
56531  56531  38     39.9179        78.8514        49.3758    %
branching on 3 2
56532  56532  38     39.9179        78.8514        49.3758    %
branching on 3 0
56533  56533  38     39.9179        78.8514        49.3758    %
branching on 3 1
56534  56534  38     39.9179        78.8514        49.3758    %
branching on 3 1
56535  56535  38     39.9179        78.8514        49.3758    %
branching on 3 0
56536  56536  38     39.9179        78.8514        49.3758    %
branching on 3 2
56537  56537  33     39.9184        78.8514        49.3752    %
branching on 1 0
56538  56538  33     39.9184        78.8514        49.3752    %
branching on 1 0
56539  56539  33     39.9184        78.8514        49.3752    %
branching on 1 0
56540  56540  33     39.9184        78.8514        49.3752    %
branching on 1 0
56541  56541  33     39.9184        78.8514        49.3752    %
branching on 1 0
56542  56542  33     39.9184        78.8514        49.3752    %
branching on 1 0
56543  56543  32     39.9187        78.8514        49.3748    %
branching on 2 2
56544  56544  32     39.9187        78.8514        49.3748    %
branching on 2 2
56545  56545  32     39.9187        78.8514        49.3748    %
branching on 2 1
56546  56546  30     39.9192        78.8514        49.3741    %
branching on 2 1
56547  56547  30     39.9192        78.8514        49.3741    %
branching on 2 2
56548  56548  30     39.9192        78.8514        49.3741    %
branching on 2 2
56549  56549  30     39.9192        78.8514        49.3741    %
branching on 2 0
56550  56550  30     39.9192        78.8514        49.3741    %
branching on 2 1
56551  56551  30     39.9192        78.8514        49.3741    %
branching on 2 0
56552  56552  25     39.9194        78.8514        49.3739    %
branching on 3 1
56553  56553  25     39.9194        78.8514        49.3739    %
branching on 3 1
56554  56554  34     39.9194        78.8514        49.3739    %
branching on 1 1
56555  56555  34     39.9194        78.8514        49.3739    %
branching on 1 1
56556  56556  24     39.9202        78.8514        49.3730    %
branching on 3 0
56557  56557  24     39.9202        78.8514        49.3730    %
branching on 3 0
56558  56558  24     39.9202        78.8514        49.3730    %
branching on 3 0
56559  56559  24     39.9202        78.8514        49.3730    %
branching on 3 0
56560  56560  24     39.9202        78.8514        49.3730    %
branching on 3 0
56561  56561  24     39.9202        78.8514        49.3730    %
branching on 3 0
56562  56562  25     39.9202        78.8514        49.3730    %
branching on 3 1
56563  56563  25     39.9202        78.8514        49.3730    %
branching on 3 1
56564  56564  25     39.9202        78.8514        49.3730    %
branching on 3 1
56565  56565  25     39.9202        78.8514        49.3730    %
branching on 3 1
56566  56566  26     39.9202        78.8514        49.3730    %
branching on 3 2
56567  56567  26     39.9202        78.8514        49.3730    %
branching on 3 2
56568  56568  23     39.9203        78.8514        49.3728    %
branching on 1 2
56569  56569  23     39.9203        78.8514        49.3728    %
branching on 1 2
56570  56570  25     39.9205        78.8514        49.3726    %
branching on 3 1
56571  56571  25     39.9205        78.8514        49.3726    %
solved nodes: 56571
56571                                                3.9920e+01     7.8851e+01
centers [[5.006      6.85       5.9016129 ]
 [3.428      3.07368421 2.7483871 ]
 [1.462      5.74210526 4.39354839]
 [0.246      2.07105263 1.43387097]]
iris:   78.85   14400.72        4937.2557%      56572